6.0,0.0,2.0,1.0,0.0,1.0,1.0,1.0,0.0,0.0,1.0,1,0.0,2.0,2.0,0.0,0.0,0.0,1.0,1.0,3.0,1.0,1.0,1.0,0.0,0.0,0.0,0.0,4.0,0.0,0.0,0.0,0.0,0.0,0.0
4.0,0.0,2.0,1.0,0.0,2.0,0.0,2.0,1.0,1.0,1.0,1,0.0,2.0,2.0,0.0,0.0,0.0,1.0,0.0,3.0,1.0,1.0,1.0,0.0,0.0,0.0,0.0,4.0,0.0,0.0,0.0,0.0,0.0,0.0
3.0,0.0,2.0,1.0,0.0,1.0,0.0,2.0,1.0,2.0,1.0,1,0.0,2.0,2.0,0.0,0.0,0.0,1.0,0.0,3.0,0.0,1.0,1.0,0.0,0.0,0.0,0.0,4.0,0.0,0.0,0.0,0.0,0.0,0.0
3.0,0.0,2.0,1.0,0.0,1.0,0.0,2.0,0.0,1.0,1.0,1,0.0,2.0,2.0,0.0,0.0,0.0,1.0,0.0,3.0,0.0,1.0,1.0,0.0,0.0,0.0,0.0,4.0,0.0,0.0,0.0,0.0,0.0,0.0
6.0,0.0,2.0,1.0,0.0,2.0,0.0,1.0,0.0,2.0,1.0,1,0.0,2.0,2.0,0.0,0.0,0.0,1.0,0.0,3.0,1.0,1.0,1.0,0.0,0.0,0.0,0.0,4.0,0.0,0.0,0.0,0.0,0.0,0.0
5.0,0.0,2.0,1.0,0.0,3.0,0.0,1.0,0.0,1.0,1.0,1,0.0,2.0,2.0,0.0,0.0,0.0,1.0,0.0,3.0,0.0,1.0,1.0,0.0,0.0,0.0,0.0,4.0,0.0,0.0,0.0,0.0,0.0,0.0
5.0,0.0,2.0,1.0,0.0,2.0,0.0,1.0,1.0,0.0,1.0,1,0.0,2.0,2.0,0.0,0.0,0.0,1.0,1.0,3.0,1.0,1.0,1.0,0.0,0.0,0.0,0.0,4.0,0.0,0.0,0.0,0.0,0.0,0.0
4.0,0.0,2.0,1.0,1.0,1.0,0.0,1.0,0.0,2.0,1.0,1,0.0,2.0,2.0,0.0,0.0,0.0,1.0,0.0,3.0,1.0,1.0,1.0,0.0,0.0,0.0,0.0,4.0,0.0,0.0,0.0,0.0,0.0,0.0
6.0,0.0,2.0,1.0,0.0,3.0,0.0,1.0,1.0,1.0,1.0,1,0.0,2.0,2.0,0.0,0.0,0.0,1.0,0.0,3.0,1.0,1.0,1.0,0.0,0.0,0.0,0.0,4.0,0.0,0.0,0.0,0.0,0.0,0.0
4.0,0.0,2.0,1.0,0.0,2.0,0.0,2.0,0.0,2.0,1.0,1,0.0,2.0,2.0,0.0,0.0,0.0,1.0,0.0,3.0,1.0,1.0,1.0,0.0,0.0,0.0,0.0,4.0,0.0,0.0,0.0,0.0,0.0,0.0
6.0,0.0,0.0,2.0,0.0,1.0,3.0,1.0,1.0,0.0,1.0,1,0.0,2.0,2.0,0.0,0.0,0.0,1.0,0.0,0.0,3.0,0.0,0.0,0.0,2.0,1.0,0.0,4.0,0.0,0.0,0.0,0.0,0.0,0.0
4.0,0.0,0.0,1.0,1.0,1.0,3.0,1.0,1.0,1.0,1.0,1,0.0,2.0,2.0,0.0,0.0,0.0,1.0,1.0,0.0,3.0,0.0,0.0,0.0,2.0,1.0,0.0,4.0,0.0,0.0,0.0,0.0,0.0,0.0
3.0,0.0,0.0,1.0,0.0,1.0,2.0,1.0,0.0,0.0,1.0,1,0.0,2.0,2.0,0.0,0.0,0.0,1.0,0.0,0.0,3.0,0.0,0.0,0.0,2.0,1.0,0.0,4.0,0.0,0.0,0.0,0.0,0.0,0.0
6.0,0.0,0.0,1.0,1.0,3.0,3.0,1.0,1.0,0.0,1.0,1,0.0,2.0,2.0,0.0,0.0,0.0,1.0,0.0,0.0,3.0,0.0,0.0,0.0,2.0,1.0,0.0,4.0,0.0,0.0,0.0,0.0,0.0,0.0
6.0,0.0,0.0,2.0,0.0,1.0,3.0,1.0,1.0,1.0,1.0,1,0.0,2.0,2.0,0.0,0.0,0.0,1.0,0.0,0.0,3.0,0.0,0.0,0.0,2.0,1.0,0.0,4.0,0.0,0.0,0.0,0.0,0.0,0.0
5.0,0.0,0.0,2.0,1.0,3.0,3.0,1.0,1.0,2.0,1.0,1,0.0,2.0,2.0,0.0,0.0,0.0,1.0,0.0,0.0,3.0,0.0,0.0,0.0,2.0,1.0,0.0,4.0,0.0,0.0,0.0,0.0,0.0,0.0
6.0,0.0,0.0,2.0,1.0,0.0,2.0,1.0,0.0,0.0,1.0,1,0.0,2.0,2.0,0.0,0.0,0.0,1.0,1.0,0.0,3.0,0.0,0.0,0.0,2.0,1.0,0.0,4.0,0.0,0.0,0.0,0.0,0.0,0.0
4.0,0.0,0.0,1.0,0.0,2.0,2.0,1.0,0.0,1.0,1.0,1,0.0,2.0,2.0,0.0,0.0,0.0,1.0,0.0,0.0,3.0,0.0,0.0,0.0,2.0,1.0,0.0,4.0,0.0,0.0,0.0,0.0,0.0,0.0
3.0,0.0,0.0,2.0,0.0,2.0,2.0,1.0,0.0,2.0,1.0,1,0.0,2.0,2.0,0.0,0.0,0.0,1.0,0.0,0.0,3.0,0.0,0.0,0.0,2.0,1.0,0.0,4.0,0.0,0.0,0.0,0.0,0.0,0.0
5.0,0.0,0.0,2.0,1.0,2.0,2.0,1.0,0.0,2.0,1.0,1,0.0,2.0,2.0,0.0,0.0,0.0,1.0,0.0,0.0,3.0,0.0,0.0,0.0,2.0,1.0,0.0,4.0,0.0,0.0,0.0,0.0,0.0,0.0
1.0,1.0,2.0,0.0,0.0,2.0,1.0,2.0,0.0,2.0,1.0,0,0.0,2.0,2.0,0.0,0.0,0.0,1.0,0.0,1.0,1.0,0.0,1.0,1.0,0.0,0.0,3.0,4.0,0.0,0.0,0.0,0.0,0.0,0.0
1.0,1.0,2.0,0.0,0.0,1.0,1.0,2.0,0.0,1.0,1.0,0,0.0,2.0,2.0,0.0,0.0,0.0,1.0,0.0,1.0,1.0,0.0,1.0,0.0,0.0,0.0,3.0,4.0,0.0,0.0,0.0,0.0,0.0,0.0
3.0,0.0,2.0,0.0,1.0,3.0,1.0,2.0,0.0,1.0,1.0,0,0.0,2.0,2.0,0.0,0.0,0.0,1.0,1.0,1.0,1.0,0.0,1.0,1.0,0.0,0.0,3.0,4.0,0.0,0.0,0.0,0.0,0.0,0.0
0.0,1.0,2.0,0.0,0.0,0.0,1.0,1.0,1.0,2.0,1.0,0,0.0,2.0,2.0,0.0,0.0,0.0,1.0,0.0,1.0,1.0,0.0,1.0,0.0,0.0,0.0,3.0,4.0,0.0,0.0,0.0,0.0,0.0,0.0
0.0,1.0,2.0,0.0,0.0,1.0,1.0,2.0,1.0,2.0,1.0,0,0.0,2.0,2.0,0.0,0.0,0.0,1.0,0.0,1.0,1.0,0.0,1.0,0.0,0.0,0.0,3.0,4.0,0.0,0.0,0.0,0.0,0.0,0.0
1.0,1.0,2.0,0.0,0.0,3.0,1.0,2.0,0.0,2.0,1.0,0,0.0,2.0,2.0,0.0,0.0,0.0,1.0,0.0,1.0,1.0,0.0,1.0,0.0,0.0,0.0,3.0,4.0,0.0,0.0,0.0,0.0,0.0,0.0
1.0,1.0,2.0,0.0,0.0,0.0,1.0,1.0,0.0,1.0,1.0,0,0.0,2.0,2.0,0.0,0.0,0.0,1.0,0.0,1.0,1.0,0.0,1.0,0.0,0.0,0.0,3.0,4.0,0.0,0.0,0.0,0.0,0.0,0.0
2.0,1.0,2.0,0.0,0.0,2.0,1.0,1.0,0.0,1.0,1.0,0,0.0,2.0,2.0,0.0,0.0,0.0,1.0,0.0,1.0,1.0,0.0,1.0,0.0,0.0,0.0,3.0,4.0,0.0,0.0,0.0,0.0,0.0,0.0
1.0,1.0,2.0,0.0,0.0,1.0,1.0,2.0,0.0,2.0,1.0,0,0.0,2.0,2.0,0.0,0.0,0.0,1.0,0.0,1.0,1.0,0.0,1.0,0.0,0.0,0.0,3.0,4.0,0.0,0.0,0.0,0.0,0.0,0.0
2.0,1.0,2.0,0.0,0.0,1.0,1.0,2.0,0.0,2.0,1.0,0,0.0,2.0,2.0,0.0,0.0,0.0,1.0,0.0,1.0,1.0,0.0,1.0,0.0,0.0,0.0,3.0,4.0,0.0,0.0,0.0,0.0,0.0,0.0
0.0,1.0,2.0,1.0,1.0,1.0,1.0,1.0,0.0,0.0,1.0,1,0.0,2.0,2.0,0.0,0.0,0.0,1.0,0.0,1.0,2.0,0.0,1.0,0.0,0.0,0.0,3.0,4.0,0.0,0.0,0.0,0.0,0.0,0.0
1.0,1.0,2.0,1.0,0.206767,3.0,1.0,0.778195,0.548872,1.01476,1.0,1,0.0,2.0,2.0,0.0,0.0,0.0,1.0,0.067669,2.0,2.0,0.169118,0.0,0.0,0.0,0.0,0.549645,1.084559,0.183453,0.111511,0.102941,0.097122,0.058824,1.0
2.0,1.0,2.0,2.0,0.206767,2.0,1.0,0.778195,0.548872,1.01476,1.0,1,1.14539,0.826241,1.301418,0.170819,0.049645,0.108303,1.0,0.067669,3.0,2.0,0.169118,0.0,0.0,0.0,0.0,0.549645,1.084559,0.183453,0.111511,0.102941,0.097122,0.058824,1.0
1.0,1.0,2.0,0.0,0.0,2.0,1.0,2.0,1.0,1.0,1.0,1,0.0,2.0,2.0,0.0,0.0,0.0,1.0,0.0,2.0,2.0,0.0,0.0,0.0,0.0,0.0,3.0,4.0,0.0,0.0,0.0,0.0,0.0,0.0
2.0,1.0,2.0,2.0,0.206767,2.0,1.0,0.778195,0.548872,1.01476,1.0,1,1.14539,0.826241,1.301418,0.170819,0.049645,0.108303,1.0,0.067669,2.0,2.0,0.169118,0.0,0.0,0.0,0.0,0.549645,1.084559,0.183453,0.111511,0.102941,0.097122,0.058824,1.0
3.0,1.0,2.0,1.0,0.206767,2.0,1.0,0.778195,0.548872,1.01476,1.0,1,1.14539,0.826241,1.301418,0.170819,0.049645,0.108303,1.0,0.067669,3.0,2.0,0.169118,0.0,0.0,0.0,0.0,0.549645,1.084559,0.183453,0.111511,0.102941,0.097122,0.058824,1.0
0.0,1.0,1.0,1.0,0.0,1.0,1.0,1.0,0.0,0.0,1.0,1,0.0,2.0,2.0,0.0,0.0,0.0,1.0,0.0,1.0,2.0,0.0,0.0,0.0,0.0,0.0,3.0,4.0,0.0,0.0,0.0,0.0,0.0,0.0
3.0,1.0,2.0,0.0,0.0,2.0,1.0,2.0,1.0,1.0,1.0,1,0.0,2.0,2.0,0.0,0.0,0.0,1.0,0.0,2.0,2.0,0.0,0.0,0.0,0.0,0.0,3.0,4.0,0.0,0.0,0.0,0.0,0.0,0.0
2.0,1.0,1.0,1.0,0.206767,0.0,1.0,0.778195,0.548872,1.01476,1.0,1,0.0,2.0,2.0,0.0,0.0,0.0,1.0,0.067669,2.0,2.0,0.169118,0.0,0.0,0.0,0.0,0.549645,1.084559,0.183453,0.111511,0.102941,0.097122,0.058824,1.0
2.0,1.0,2.0,0.0,0.0,1.0,1.0,2.0,0.0,1.0,1.0,1,0.0,2.0,2.0,0.0,0.0,0.0,1.0,0.0,1.0,2.0,0.0,0.0,0.0,0.0,0.0,3.0,4.0,0.0,0.0,0.0,0.0,0.0,0.0
2.0,1.0,2.0,1.0,0.206767,1.0,1.0,0.778195,0.548872,1.01476,1.0,1,0.0,2.0,2.0,0.0,0.0,0.0,1.0,0.067669,2.0,2.0,0.169118,0.0,0.0,0.0,0.0,0.549645,1.084559,0.183453,0.111511,0.102941,0.097122,0.058824,1.0
1.0,1.0,2.0,1.0,0.206767,1.0,1.0,0.778195,0.548872,1.01476,1.0,1,1.14539,0.826241,1.301418,0.170819,0.049645,0.108303,1.0,0.067669,1.0,2.0,0.169118,0.0,0.0,0.0,0.0,0.549645,1.084559,0.183453,0.111511,0.102941,0.097122,0.058824,1.0
0.0,1.0,2.0,1.0,0.0,3.0,1.0,1.0,0.0,0.0,1.0,1,0.0,2.0,2.0,0.0,0.0,0.0,1.0,0.0,1.0,2.0,0.0,0.0,0.0,0.0,0.0,3.0,4.0,0.0,0.0,0.0,0.0,0.0,0.0
0.0,1.0,1.0,1.0,1.0,2.0,1.0,2.0,1.0,0.0,1.0,1,0.0,2.0,2.0,0.0,0.0,0.0,1.0,1.0,2.0,2.0,0.0,1.0,0.0,0.0,0.0,3.0,4.0,0.0,0.0,0.0,0.0,0.0,0.0
3.0,1.0,2.0,0.0,0.0,1.0,1.0,2.0,1.0,0.0,1.0,1,0.0,2.0,2.0,0.0,0.0,0.0,1.0,0.0,2.0,2.0,0.0,0.0,0.0,0.0,0.0,3.0,4.0,0.0,0.0,0.0,0.0,0.0,0.0
2.0,1.0,2.0,2.0,0.206767,3.0,1.0,0.778195,0.548872,1.01476,1.0,1,1.14539,0.826241,1.301418,0.170819,0.049645,0.108303,1.0,0.067669,3.0,2.0,0.169118,0.0,0.0,0.0,0.0,0.549645,1.084559,0.183453,0.111511,0.102941,0.097122,0.058824,1.0
0.0,1.0,2.0,1.0,0.0,2.0,1.0,1.0,0.0,1.0,1.0,1,0.0,2.0,2.0,0.0,0.0,0.0,1.0,0.0,1.0,2.0,0.0,0.0,0.0,0.0,0.0,3.0,4.0,0.0,0.0,0.0,0.0,0.0,0.0
2.0,1.0,1.0,2.0,0.206767,2.0,1.0,0.778195,0.548872,1.01476,1.0,1,0.0,2.0,2.0,0.0,0.0,0.0,1.0,0.067669,2.0,2.0,0.169118,0.0,0.0,0.0,0.0,0.549645,1.084559,0.183453,0.111511,0.102941,0.097122,0.058824,1.0
2.0,1.0,2.0,1.0,1.0,1.0,1.0,2.0,0.0,2.0,1.0,1,0.0,2.0,2.0,0.0,0.0,0.0,1.0,0.0,1.0,2.0,0.0,1.0,0.0,0.0,0.0,3.0,4.0,0.0,0.0,0.0,0.0,0.0,0.0
0.0,1.0,2.0,1.0,0.0,3.0,1.0,1.0,0.0,2.0,1.0,1,0.0,2.0,2.0,0.0,0.0,0.0,1.0,0.0,1.0,2.0,0.0,0.0,0.0,0.0,0.0,3.0,4.0,0.0,0.0,0.0,0.0,0.0,0.0
1.0,1.0,2.0,1.0,0.0,0.0,1.0,2.0,1.0,1.0,1.0,1,0.0,2.0,2.0,0.0,0.0,0.0,1.0,0.0,2.0,2.0,0.0,0.0,0.0,0.0,0.0,3.0,4.0,0.0,0.0,0.0,0.0,0.0,0.0
1.0,1.0,2.0,1.0,0.206767,0.0,1.0,0.778195,0.548872,1.01476,1.0,1,0.0,2.0,2.0,0.0,0.0,0.0,1.0,0.067669,1.0,2.0,0.169118,0.0,0.0,0.0,0.0,0.549645,1.084559,0.183453,0.111511,0.102941,0.097122,0.058824,1.0
3.0,1.0,2.0,1.0,0.206767,1.0,1.0,0.778195,0.548872,1.01476,1.0,1,1.14539,0.826241,1.301418,0.170819,0.049645,0.108303,1.0,0.067669,3.0,2.0,0.169118,0.0,0.0,0.0,0.0,0.549645,1.084559,0.183453,0.111511,0.102941,0.097122,0.058824,1.0
2.0,1.0,2.0,1.0,0.206767,1.0,1.0,0.778195,0.548872,1.01476,1.0,1,0.0,2.0,2.0,0.0,0.0,0.0,1.0,0.067669,3.0,2.0,0.169118,0.0,0.0,0.0,0.0,0.549645,1.084559,0.183453,0.111511,0.102941,0.097122,0.058824,1.0
3.0,1.0,2.0,2.0,0.206767,2.0,1.0,0.778195,0.548872,1.01476,1.0,1,1.14539,0.826241,1.301418,0.170819,0.049645,0.108303,1.0,0.067669,2.0,2.0,0.169118,0.0,0.0,0.0,0.0,0.549645,1.084559,0.183453,0.111511,0.102941,0.097122,0.058824,1.0
1.0,1.0,2.0,1.0,1.0,3.0,1.0,2.0,0.0,1.0,1.0,1,0.0,2.0,2.0,0.0,0.0,0.0,1.0,1.0,1.0,2.0,0.0,1.0,0.0,0.0,0.0,3.0,4.0,0.0,0.0,0.0,0.0,0.0,0.0
3.0,1.0,1.0,1.0,0.206767,3.0,1.0,0.778195,0.548872,1.01476,1.0,1,0.0,2.0,2.0,0.0,0.0,0.0,1.0,0.067669,2.0,2.0,0.169118,0.0,0.0,0.0,0.0,0.549645,1.084559,0.183453,0.111511,0.102941,0.097122,0.058824,1.0
2.0,1.0,2.0,2.0,0.206767,1.0,1.0,0.778195,0.548872,1.01476,1.0,1,1.14539,0.826241,1.301418,0.170819,0.049645,0.108303,1.0,0.067669,2.0,2.0,0.169118,0.0,0.0,0.0,0.0,0.549645,1.084559,0.183453,0.111511,0.102941,0.097122,0.058824,1.0
3.0,1.0,1.0,2.0,0.206767,2.0,1.0,0.778195,0.548872,1.01476,1.0,1,0.0,2.0,2.0,0.0,0.0,0.0,1.0,0.067669,2.0,2.0,0.169118,0.0,0.0,0.0,0.0,0.549645,1.084559,0.183453,0.111511,0.102941,0.097122,0.058824,1.0
1.0,1.0,2.0,2.0,0.206767,1.0,1.0,0.778195,0.548872,1.01476,1.0,1,1.14539,0.826241,1.301418,0.170819,0.049645,0.108303,1.0,0.067669,1.0,2.0,0.169118,0.0,0.0,0.0,0.0,0.549645,1.084559,0.183453,0.111511,0.102941,0.097122,0.058824,1.0
2.0,1.0,2.0,2.0,0.206767,3.0,1.0,0.778195,0.548872,1.01476,1.0,1,0.0,2.0,2.0,0.0,0.0,0.0,1.0,0.067669,2.0,2.0,0.169118,0.0,0.0,0.0,0.0,0.549645,1.084559,0.183453,0.111511,0.102941,0.097122,0.058824,1.0
3.0,1.0,1.0,1.0,0.206767,0.0,1.0,0.778195,0.548872,1.01476,1.0,1,0.0,2.0,2.0,0.0,0.0,0.0,1.0,0.067669,3.0,2.0,0.169118,0.0,0.0,0.0,0.0,0.549645,1.084559,0.183453,0.111511,0.102941,0.097122,0.058824,1.0
2.0,1.0,2.0,0.0,0.0,1.0,1.0,2.0,0.0,0.0,1.0,1,0.0,2.0,2.0,0.0,0.0,0.0,1.0,0.0,1.0,2.0,0.0,0.0,0.0,0.0,0.0,3.0,4.0,0.0,0.0,0.0,0.0,0.0,0.0
3.0,1.0,1.0,1.0,0.206767,1.0,1.0,0.778195,0.548872,1.01476,1.0,1,0.0,2.0,2.0,0.0,0.0,0.0,1.0,0.067669,3.0,2.0,0.169118,0.0,0.0,0.0,0.0,0.549645,1.084559,0.183453,0.111511,0.102941,0.097122,0.058824,1.0
2.0,1.0,2.0,2.0,0.206767,1.0,1.0,0.778195,0.548872,1.01476,1.0,1,1.14539,0.826241,1.301418,0.170819,0.049645,0.108303,1.0,0.067669,1.0,2.0,0.169118,0.0,0.0,0.0,0.0,0.549645,1.084559,0.183453,0.111511,0.102941,0.097122,0.058824,1.0
1.0,1.0,2.0,0.0,0.0,0.0,1.0,2.0,1.0,0.0,1.0,1,0.0,2.0,2.0,0.0,0.0,0.0,1.0,0.0,2.0,2.0,0.0,0.0,0.0,0.0,0.0,3.0,4.0,0.0,0.0,0.0,0.0,0.0,0.0
3.0,1.0,2.0,1.0,0.206767,2.0,1.0,0.778195,0.548872,1.01476,1.0,1,1.14539,0.826241,1.301418,0.170819,0.049645,0.108303,1.0,0.067669,2.0,2.0,0.169118,0.0,0.0,0.0,0.0,0.549645,1.084559,0.183453,0.111511,0.102941,0.097122,0.058824,1.0
3.0,1.0,2.0,1.0,0.206767,3.0,1.0,0.778195,0.548872,1.01476,1.0,1,1.14539,0.826241,1.301418,0.170819,0.049645,0.108303,1.0,0.067669,3.0,2.0,0.169118,0.0,0.0,0.0,0.0,0.549645,1.084559,0.183453,0.111511,0.102941,0.097122,0.058824,1.0
3.0,1.0,1.0,0.0,0.0,2.0,1.0,2.0,1.0,2.0,1.0,1,0.0,2.0,2.0,0.0,0.0,0.0,1.0,0.0,2.0,2.0,0.0,0.0,0.0,0.0,0.0,3.0,4.0,0.0,0.0,0.0,0.0,0.0,0.0
3.0,1.0,2.0,2.0,0.206767,2.0,1.0,0.778195,0.548872,1.01476,1.0,1,1.14539,0.826241,1.301418,0.170819,0.049645,0.108303,1.0,0.067669,3.0,2.0,0.169118,0.0,0.0,0.0,0.0,0.549645,1.084559,0.183453,0.111511,0.102941,0.097122,0.058824,1.0
4.0,0.0,0.0,1.0,0.0,1.0,3.0,1.0,1.0,2.0,0.0,1,0.0,2.0,2.0,0.0,0.0,0.0,1.0,0.0,0.0,0.0,0.0,0.0,0.0,1.0,0.0,0.0,0.0,0.0,0.0,0.0,0.0,0.0,0.0
4.0,0.0,0.0,1.0,0.0,1.0,3.0,1.0,1.0,2.0,0.0,1,0.0,2.0,2.0,0.0,0.0,0.0,1.0,0.0,0.0,0.0,0.0,0.0,0.0,1.0,0.0,0.0,0.0,0.0,0.0,0.0,0.0,0.0,0.0
3.0,1.0,0.0,0.0,0.0,3.0,0.0,1.0,1.0,2.0,1.0,0,0.0,2.0,2.0,0.0,0.0,0.0,1.0,0.0,0.0,3.0,0.0,0.0,0.0,1.0,0.0,0.0,4.0,0.0,0.0,0.0,0.0,0.0,0.0
5.0,0.0,0.0,2.0,0.0,1.0,3.0,1.0,1.0,2.0,0.0,1,0.0,2.0,2.0,0.0,0.0,0.0,1.0,0.0,0.0,0.0,0.0,0.0,0.0,1.0,0.0,0.0,0.0,0.0,0.0,0.0,0.0,0.0,0.0
5.0,0.0,0.0,2.0,0.0,2.0,3.0,1.0,1.0,1.0,0.0,1,0.0,2.0,2.0,0.0,0.0,0.0,1.0,0.0,0.0,0.0,0.0,0.0,0.0,1.0,0.0,0.0,0.0,0.0,0.0,0.0,0.0,0.0,0.0
4.0,0.0,0.0,1.0,0.0,3.0,2.0,1.0,0.0,1.0,0.0,1,0.0,2.0,2.0,0.0,0.0,0.0,1.0,0.0,0.0,0.0,0.0,0.0,0.0,1.0,0.0,0.0,0.0,0.0,0.0,0.0,0.0,0.0,0.0
5.0,0.0,0.0,1.0,1.0,3.0,3.0,1.0,0.0,2.0,1.0,1,2.0,0.0,1.0,0.0,0.0,0.0,1.0,1.0,0.0,3.0,0.0,0.0,0.0,1.0,0.0,0.0,4.0,0.0,0.0,0.0,0.0,0.0,0.0
6.0,0.0,1.0,1.0,1.0,2.0,0.0,1.0,1.0,0.0,1.0,0,0.0,2.0,1.0,0.0,0.0,0.0,1.0,1.0,0.0,3.0,0.0,0.0,0.0,1.0,0.0,0.0,4.0,0.0,0.0,0.0,0.0,0.0,0.0
5.0,1.0,0.0,0.0,0.0,3.0,2.0,1.0,0.0,0.0,1.0,1,0.0,2.0,2.0,0.0,0.0,0.0,1.0,1.0,0.0,3.0,0.0,0.0,0.0,1.0,0.0,0.0,4.0,0.0,0.0,0.0,0.0,0.0,0.0
5.0,1.0,0.0,1.0,0.0,1.0,3.0,1.0,1.0,0.0,1.0,1,2.0,0.0,1.0,0.0,0.0,0.0,1.0,1.0,0.0,3.0,0.0,0.0,0.0,1.0,0.0,0.0,4.0,0.0,0.0,0.0,0.0,0.0,0.0
4.0,0.0,1.0,0.0,1.0,2.0,3.0,1.0,1.0,2.0,1.0,0,0.0,2.0,2.0,0.0,0.0,0.0,1.0,1.0,0.0,3.0,0.0,0.0,0.0,1.0,0.0,0.0,4.0,0.0,0.0,0.0,0.0,0.0,0.0
4.0,1.0,0.0,0.0,0.0,3.0,2.0,1.0,1.0,1.0,1.0,1,2.0,0.0,1.0,0.0,0.0,0.0,1.0,1.0,0.0,3.0,0.0,0.0,0.0,1.0,0.0,0.0,4.0,0.0,0.0,0.0,0.0,0.0,0.0
4.0,0.0,0.0,1.0,0.0,2.0,0.0,1.0,1.0,0.0,0.0,1,0.0,2.0,2.0,0.0,0.0,0.0,1.0,0.0,0.0,0.0,0.0,0.0,0.0,1.0,0.0,0.0,0.0,0.0,0.0,0.0,0.0,0.0,0.0
3.0,1.0,0.0,0.0,0.0,2.0,0.0,2.0,0.0,1.0,1.0,1,2.0,0.0,1.0,0.0,0.0,0.0,1.0,0.0,0.0,3.0,0.0,0.0,0.0,1.0,0.0,0.0,4.0,0.0,0.0,0.0,0.0,0.0,0.0
5.0,0.0,0.0,1.0,0.0,3.0,2.0,1.0,0.0,1.0,0.0,1,0.0,2.0,2.0,0.0,0.0,0.0,1.0,0.0,0.0,0.0,0.0,0.0,0.0,1.0,0.0,0.0,0.0,0.0,0.0,0.0,0.0,0.0,0.0
4.0,0.0,0.0,1.0,0.0,3.0,3.0,1.0,1.0,0.0,0.0,1,0.0,2.0,2.0,0.0,0.0,0.0,1.0,0.0,0.0,0.0,0.0,0.0,0.0,1.0,0.0,0.0,0.0,0.0,0.0,0.0,0.0,0.0,0.0
4.0,0.0,0.0,1.0,0.0,3.0,2.0,1.0,0.0,2.0,0.0,1,0.0,2.0,2.0,0.0,0.0,0.0,1.0,0.0,0.0,0.0,0.0,0.0,0.0,1.0,0.0,0.0,0.0,0.0,0.0,0.0,0.0,0.0,0.0
4.0,0.0,0.0,1.0,0.0,1.0,2.0,1.0,1.0,2.0,0.0,1,0.0,2.0,2.0,0.0,0.0,0.0,1.0,0.0,0.0,0.0,0.0,0.0,0.0,1.0,0.0,0.0,0.0,0.0,0.0,0.0,0.0,0.0,0.0
4.0,0.0,0.0,1.0,0.0,1.0,2.0,1.0,0.0,0.0,0.0,1,0.0,2.0,2.0,0.0,0.0,0.0,1.0,0.0,0.0,0.0,0.0,0.0,0.0,1.0,0.0,0.0,0.0,0.0,0.0,0.0,0.0,0.0,0.0
3.0,0.0,0.0,1.0,0.0,3.0,2.0,1.0,0.0,0.0,0.0,1,0.0,2.0,2.0,0.0,0.0,0.0,1.0,0.0,0.0,0.0,0.0,0.0,0.0,1.0,0.0,0.0,0.0,0.0,0.0,0.0,0.0,0.0,0.0
5.0,0.0,0.0,1.0,1.0,3.0,3.0,1.0,0.0,1.0,0.0,1,0.0,2.0,2.0,0.0,0.0,1.0,0.0,0.0,0.0,0.0,0.0,0.0,0.0,0.0,0.0,0.0,0.0,0.0,0.0,0.0,0.0,0.0,0.0
6.0,0.0,1.0,0.0,1.0,0.0,0.0,0.0,1.0,2.0,0.0,1,0.0,2.0,2.0,0.0,0.0,1.0,0.0,0.0,0.0,0.0,0.0,0.0,0.0,0.0,0.0,0.0,0.0,0.0,0.0,0.0,0.0,0.0,0.0
1.0,1.0,0.0,1.0,0.0,3.0,3.0,1.0,2.0,0.0,0.0,1,0.0,2.0,2.0,0.0,0.0,1.0,0.0,0.0,0.0,0.0,0.0,0.0,0.0,0.0,0.0,0.0,0.0,0.0,0.0,0.0,0.0,0.0,0.0
6.0,1.0,1.0,0.0,0.0,2.0,2.0,0.0,1.0,2.0,0.0,1,0.0,2.0,2.0,0.0,0.0,1.0,0.0,0.0,0.0,0.0,0.0,0.0,0.0,0.0,0.0,0.0,0.0,0.0,0.0,0.0,0.0,0.0,0.0
4.0,1.0,1.0,0.0,0.0,2.0,2.0,0.0,2.0,0.0,0.0,1,0.0,2.0,2.0,0.0,0.0,1.0,0.0,0.0,0.0,0.0,0.0,0.0,0.0,0.0,0.0,0.0,0.0,0.0,0.0,0.0,0.0,0.0,0.0
6.0,0.0,0.0,1.0,1.0,1.0,1.0,1.0,0.0,2.0,0.0,1,0.0,2.0,2.0,0.0,0.0,1.0,0.0,0.0,0.0,0.0,0.0,0.0,0.0,0.0,0.0,0.0,0.0,0.0,0.0,0.0,0.0,0.0,0.0
2.0,1.0,1.0,0.0,0.0,2.0,2.0,0.0,0.0,1.0,0.0,1,0.0,2.0,2.0,0.0,0.0,1.0,0.0,0.0,0.0,0.0,0.0,0.0,0.0,0.0,0.0,0.0,0.0,0.0,0.0,0.0,0.0,0.0,0.0
6.0,1.0,0.0,1.0,0.0,1.0,1.0,1.0,1.0,2.0,0.0,1,0.0,2.0,2.0,0.0,0.0,1.0,0.0,0.0,0.0,0.0,0.0,0.0,0.0,0.0,0.0,0.0,0.0,0.0,0.0,0.0,0.0,0.0,0.0
5.0,1.0,0.0,1.0,0.0,1.0,1.0,1.0,0.0,1.0,0.0,1,0.0,2.0,2.0,0.0,0.0,1.0,0.0,0.0,0.0,0.0,0.0,0.0,0.0,0.0,0.0,0.0,0.0,0.0,0.0,0.0,0.0,0.0,0.0
1.0,1.0,0.0,1.0,0.0,1.0,1.0,1.0,2.0,0.0,0.0,1,0.0,2.0,2.0,0.0,0.0,1.0,0.0,0.0,0.0,0.0,0.0,0.0,0.0,0.0,0.0,0.0,0.0,0.0,0.0,0.0,0.0,0.0,0.0
6.0,0.0,2.0,0.0,1.0,2.0,1.0,0.0,1.0,2.0,0.0,1,2.0,0.0,1.0,0.0,1.0,2.0,0.0,0.0,0.0,0.0,0.0,0.0,0.0,0.0,0.0,0.0,0.0,1.0,1.0,0.0,0.0,0.0,0.0
2.0,0.0,2.0,1.0,1.0,1.0,1.0,1.0,1.0,2.0,0.0,1,2.0,0.0,1.0,0.0,1.0,2.0,0.0,0.0,0.0,0.0,0.0,0.0,0.0,0.0,0.0,0.0,0.0,1.0,1.0,0.0,0.0,0.0,0.0
1.0,0.0,2.0,1.0,1.0,3.0,2.0,1.0,0.0,1.0,0.0,1,1.0,0.0,1.0,0.0,0.0,2.0,0.0,0.0,0.0,0.0,0.0,0.0,0.0,0.0,0.0,0.0,0.0,1.0,1.0,0.0,0.0,0.0,0.0
4.0,1.0,2.0,2.0,0.0,2.0,2.0,1.0,0.0,1.0,0.0,1,1.0,0.0,1.0,0.0,1.0,2.0,0.0,0.0,0.0,0.0,0.0,0.0,0.0,0.0,0.0,0.0,0.0,1.0,1.0,0.0,0.0,0.0,0.0
1.0,0.0,2.0,0.0,1.0,0.0,0.0,1.0,0.0,1.0,0.0,1,1.0,0.0,1.0,0.0,0.0,2.0,0.0,0.0,0.0,0.0,0.0,0.0,0.0,0.0,0.0,0.0,0.0,1.0,1.0,0.0,0.0,0.0,0.0
2.0,1.0,2.0,0.0,0.0,3.0,0.0,1.0,0.0,1.0,0.0,1,1.0,0.0,1.0,0.0,0.0,2.0,0.0,0.0,0.0,0.0,0.0,0.0,0.0,0.0,0.0,0.0,0.0,1.0,1.0,0.0,0.0,0.0,0.0
2.0,1.0,2.0,1.0,0.0,2.0,0.0,1.0,0.0,1.0,0.0,1,2.0,0.0,1.0,0.0,0.0,2.0,0.0,0.0,0.0,0.0,0.0,0.0,0.0,0.0,0.0,0.0,0.0,1.0,1.0,0.0,0.0,0.0,0.0
4.0,1.0,2.0,2.0,0.0,2.0,1.0,0.0,1.0,2.0,0.0,1,1.0,0.0,1.0,0.0,0.0,2.0,0.0,0.0,0.0,0.0,0.0,0.0,0.0,0.0,0.0,0.0,0.0,1.0,1.0,0.0,0.0,0.0,0.0
4.0,1.0,2.0,0.0,0.0,1.0,2.0,1.0,0.0,1.0,0.0,1,2.0,0.0,1.0,0.0,0.0,2.0,0.0,0.0,0.0,0.0,0.0,0.0,0.0,0.0,0.0,0.0,0.0,1.0,1.0,0.0,0.0,0.0,0.0
5.0,1.0,2.0,1.0,0.0,3.0,2.0,1.0,0.0,1.0,0.0,1,1.0,0.0,1.0,0.0,0.0,2.0,0.0,0.0,0.0,0.0,0.0,0.0,0.0,0.0,0.0,0.0,0.0,1.0,1.0,0.0,0.0,0.0,0.0
1.0,1.0,2.0,2.0,1.0,3.0,3.0,1.0,0.0,2.0,1.0,1,2.0,0.0,1.0,0.0,0.0,0.0,0.0,0.0,0.0,0.0,0.0,0.0,0.0,0.0,0.0,0.0,0.0,0.0,0.0,0.0,0.0,0.0,0.0
2.0,0.0,2.0,1.0,0.0,2.0,3.0,1.0,1.0,1.0,0.0,1,2.0,0.0,1.0,0.0,0.0,0.0,0.0,0.0,0.0,0.0,0.0,0.0,0.0,0.0,0.0,0.0,0.0,0.0,0.0,0.0,0.0,0.0,0.0
2.0,0.0,2.0,1.0,0.0,2.0,3.0,1.0,1.0,0.0,0.0,1,2.0,0.0,1.0,1.0,0.0,0.0,0.0,0.0,0.0,0.0,0.0,0.0,0.0,0.0,0.0,0.0,0.0,0.0,0.0,0.0,0.0,0.0,0.0
2.0,0.0,2.0,1.0,0.0,1.0,0.0,1.0,2.0,0.0,0.0,1,2.0,0.0,1.0,1.0,0.0,0.0,0.0,0.0,0.0,0.0,0.0,0.0,0.0,0.0,0.0,0.0,0.0,0.0,0.0,0.0,0.0,0.0,0.0
1.0,1.0,2.0,2.0,1.0,3.0,3.0,1.0,1.0,1.0,1.0,1,2.0,0.0,1.0,0.0,0.0,0.0,0.0,0.0,0.0,0.0,0.0,0.0,0.0,0.0,0.0,0.0,0.0,0.0,0.0,0.0,0.0,0.0,0.0
1.0,1.0,2.0,1.0,0.0,2.0,3.0,1.0,0.0,2.0,0.0,1,2.0,0.0,1.0,1.0,0.0,0.0,0.0,0.0,0.0,0.0,0.0,0.0,0.0,0.0,0.0,0.0,0.0,0.0,0.0,0.0,0.0,0.0,0.0
0.0,1.0,2.0,2.0,1.0,3.0,3.0,1.0,2.0,1.0,0.0,1,2.0,0.0,1.0,0.0,0.0,0.0,0.0,0.0,0.0,0.0,0.0,0.0,0.0,0.0,0.0,0.0,0.0,0.0,0.0,0.0,0.0,0.0,0.0
2.0,0.0,2.0,1.0,0.0,2.0,3.0,1.0,0.0,0.0,0.0,1,2.0,0.0,1.0,1.0,0.0,0.0,0.0,0.0,0.0,0.0,0.0,0.0,0.0,0.0,0.0,0.0,0.0,0.0,0.0,0.0,0.0,0.0,0.0
1.0,0.0,2.0,1.0,0.0,2.0,3.0,1.0,1.0,1.0,0.0,1,2.0,0.0,1.0,1.0,0.0,0.0,0.0,0.0,0.0,0.0,0.0,0.0,0.0,0.0,0.0,0.0,0.0,0.0,0.0,0.0,0.0,0.0,0.0
2.0,1.0,2.0,1.0,0.0,3.0,3.0,1.0,0.0,2.0,0.0,1,2.0,0.0,1.0,1.0,0.0,0.0,0.0,0.0,0.0,0.0,0.0,0.0,0.0,0.0,0.0,0.0,0.0,0.0,0.0,0.0,0.0,0.0,0.0
5.0,0.0,2.0,1.0,0.0,2.0,2.0,1.0,0.0,1.0,0.0,1,2.0,0.0,1.0,0.0,0.0,0.0,1.0,0.0,3.0,1.0,1.0,0.0,0.0,0.0,0.0,0.0,0.0,0.0,0.0,0.0,0.0,0.0,0.0
1.0,1.0,2.0,1.0,0.0,3.0,3.0,1.0,1.0,2.0,0.0,1,2.0,0.0,1.0,1.0,0.0,0.0,0.0,0.0,0.0,0.0,0.0,0.0,0.0,0.0,0.0,0.0,0.0,0.0,0.0,0.0,0.0,0.0,0.0
1.0,0.0,2.0,1.0,0.0,3.0,3.0,1.0,2.0,0.0,0.0,1,2.0,0.0,1.0,1.0,0.0,0.0,0.0,0.0,0.0,0.0,0.0,0.0,0.0,0.0,0.0,0.0,0.0,0.0,0.0,0.0,0.0,0.0,0.0
4.0,0.0,2.0,1.0,0.0,1.0,3.0,1.0,0.0,0.0,0.0,1,2.0,0.0,1.0,1.0,0.0,0.0,1.0,0.0,3.0,1.0,1.0,0.0,0.0,0.0,0.0,0.0,0.0,0.0,0.0,0.0,0.0,0.0,0.0
1.0,0.0,2.0,1.0,0.0,2.0,3.0,1.0,0.0,1.0,0.0,1,2.0,0.0,1.0,1.0,0.0,0.0,0.0,0.0,0.0,0.0,0.0,0.0,0.0,0.0,0.0,0.0,0.0,0.0,0.0,0.0,0.0,0.0,0.0
4.0,1.0,2.0,1.0,0.0,3.0,3.0,1.0,0.0,2.0,0.0,1,2.0,0.0,1.0,0.0,0.0,0.0,1.0,0.0,3.0,1.0,1.0,0.0,0.0,0.0,0.0,0.0,0.0,0.0,0.0,0.0,0.0,0.0,0.0
2.0,0.0,2.0,1.0,0.0,3.0,3.0,1.0,0.0,0.0,0.0,1,2.0,0.0,1.0,1.0,0.0,0.0,0.0,0.0,0.0,0.0,0.0,0.0,0.0,0.0,0.0,0.0,0.0,0.0,0.0,0.0,0.0,0.0,0.0
0.0,1.0,1.0,1.0,1.0,2.0,2.0,0.0,2.0,1.0,1.0,1,2.0,0.0,1.0,0.0,0.0,0.0,0.0,0.0,0.0,0.0,0.0,0.0,0.0,0.0,0.0,0.0,0.0,0.0,0.0,0.0,0.0,0.0,0.0
1.0,1.0,1.0,1.0,1.0,2.0,0.0,0.0,0.0,2.0,0.0,1,2.0,0.0,1.0,0.0,0.0,0.0,0.0,0.0,0.0,0.0,0.0,0.0,0.0,0.0,0.0,0.0,0.0,0.0,0.0,0.0,0.0,0.0,0.0
1.0,1.0,2.0,1.0,0.0,1.0,0.0,1.0,2.0,2.0,0.0,1,2.0,0.0,1.0,1.0,0.0,0.0,0.0,0.0,0.0,0.0,0.0,0.0,0.0,0.0,0.0,0.0,0.0,0.0,0.0,0.0,0.0,0.0,0.0
1.0,0.0,2.0,1.0,0.0,1.0,3.0,1.0,0.0,0.0,0.0,1,2.0,0.0,1.0,0.0,0.0,0.0,1.0,0.0,3.0,1.0,1.0,0.0,0.0,0.0,0.0,0.0,0.0,0.0,0.0,0.0,0.0,0.0,0.0
2.0,0.0,2.0,1.0,0.0,3.0,3.0,1.0,1.0,1.0,0.0,1,2.0,0.0,1.0,1.0,0.0,0.0,0.0,0.0,0.0,0.0,0.0,0.0,0.0,0.0,0.0,0.0,0.0,0.0,0.0,0.0,0.0,0.0,0.0
3.0,0.0,2.0,1.0,0.0,2.0,3.0,2.0,2.0,1.0,0.0,1,2.0,0.0,1.0,0.0,0.0,0.0,1.0,0.0,0.0,3.0,1.0,1.0,0.0,0.0,0.0,0.0,0.0,0.0,0.0,0.0,0.0,0.0,0.0
2.0,1.0,2.0,2.0,1.0,3.0,1.0,1.0,1.0,0.0,1.0,1,2.0,0.0,1.0,0.0,0.0,0.0,0.0,0.0,0.0,0.0,0.0,0.0,0.0,0.0,0.0,0.0,0.0,0.0,0.0,0.0,0.0,0.0,0.0
1.0,0.0,2.0,1.0,0.0,2.0,3.0,1.0,2.0,0.0,0.0,1,2.0,0.0,1.0,1.0,0.0,0.0,0.0,0.0,0.0,0.0,0.0,0.0,0.0,0.0,0.0,0.0,0.0,0.0,0.0,0.0,0.0,0.0,0.0
1.0,1.0,2.0,1.0,0.0,2.0,3.0,1.0,0.0,2.0,0.0,1,2.0,0.0,1.0,1.0,0.0,0.0,0.0,0.0,0.0,0.0,0.0,0.0,0.0,0.0,0.0,0.0,0.0,0.0,0.0,0.0,0.0,0.0,0.0
5.0,0.0,2.0,1.0,0.0,1.0,3.0,1.0,0.0,0.0,0.0,1,2.0,0.0,1.0,1.0,0.0,0.0,1.0,0.0,3.0,1.0,1.0,0.0,0.0,0.0,0.0,0.0,0.0,0.0,0.0,0.0,0.0,0.0,0.0
4.0,1.0,1.0,1.0,1.0,2.0,2.0,0.0,0.0,2.0,0.0,1,2.0,0.0,1.0,0.0,0.0,0.0,1.0,0.0,3.0,1.0,1.0,0.0,0.0,0.0,0.0,0.0,1.0,0.0,0.0,0.0,0.0,0.0,0.0
3.0,1.0,2.0,1.0,0.0,1.0,3.0,1.0,0.0,2.0,0.0,1,2.0,0.0,1.0,1.0,0.0,0.0,1.0,0.0,3.0,1.0,1.0,0.0,0.0,0.0,0.0,0.0,0.0,0.0,0.0,0.0,0.0,0.0,0.0
1.0,0.0,2.0,1.0,0.0,3.0,3.0,1.0,0.0,0.0,0.0,1,2.0,0.0,1.0,0.0,0.0,0.0,0.0,0.0,0.0,0.0,0.0,0.0,0.0,0.0,0.0,0.0,0.0,0.0,0.0,0.0,0.0,0.0,0.0
4.0,0.0,2.0,1.0,0.0,2.0,3.0,2.0,1.0,1.0,0.0,1,2.0,0.0,1.0,0.0,0.0,0.0,1.0,0.0,0.0,3.0,1.0,1.0,0.0,0.0,0.0,0.0,0.0,0.0,0.0,0.0,0.0,0.0,0.0
2.0,1.0,2.0,1.0,0.0,2.0,3.0,1.0,0.0,2.0,0.0,1,2.0,0.0,1.0,0.0,0.0,0.0,0.0,0.0,0.0,0.0,0.0,0.0,0.0,0.0,0.0,0.0,0.0,0.0,0.0,0.0,0.0,0.0,0.0
2.0,1.0,1.0,1.0,1.0,0.0,0.0,1.0,1.0,0.0,0.0,1,2.0,0.0,1.0,0.0,0.0,0.0,0.0,0.0,0.0,0.0,0.0,0.0,0.0,0.0,0.0,0.0,0.0,0.0,0.0,0.0,0.0,0.0,0.0
3.0,1.0,2.0,1.0,0.0,3.0,1.0,1.0,0.0,2.0,0.0,1,2.0,0.0,1.0,0.0,0.0,0.0,1.0,0.0,3.0,1.0,1.0,0.0,0.0,0.0,0.0,0.0,0.0,0.0,0.0,0.0,0.0,0.0,0.0
3.0,0.0,2.0,1.0,0.0,3.0,3.0,2.0,2.0,0.0,0.0,1,2.0,0.0,1.0,0.0,0.0,0.0,1.0,0.0,0.0,3.0,1.0,1.0,0.0,0.0,0.0,0.0,0.0,0.0,0.0,0.0,0.0,0.0,0.0
2.0,0.0,2.0,1.0,0.0,2.0,2.0,1.0,0.0,1.0,0.0,1,2.0,0.0,1.0,0.0,0.0,0.0,1.0,0.0,3.0,1.0,1.0,0.0,0.0,0.0,0.0,0.0,0.0,0.0,0.0,0.0,0.0,0.0,0.0
3.0,0.0,2.0,1.0,0.0,3.0,1.0,1.0,0.0,0.0,0.0,1,2.0,0.0,1.0,1.0,0.0,0.0,0.0,0.0,0.0,0.0,0.0,0.0,0.0,0.0,0.0,0.0,0.0,0.0,0.0,0.0,0.0,0.0,0.0
3.0,1.0,2.0,1.0,0.0,3.0,1.0,1.0,0.0,2.0,0.0,1,2.0,0.0,1.0,1.0,0.0,0.0,1.0,0.0,3.0,1.0,1.0,0.0,0.0,0.0,0.0,0.0,0.0,0.0,0.0,0.0,0.0,0.0,0.0
2.0,1.0,2.0,1.0,0.0,3.0,3.0,2.0,2.0,2.0,0.0,1,2.0,0.0,1.0,1.0,0.0,0.0,0.0,0.0,0.0,0.0,0.0,0.0,0.0,0.0,0.0,0.0,0.0,0.0,0.0,0.0,0.0,0.0,0.0
5.0,1.0,2.0,1.0,0.0,3.0,3.0,2.0,0.0,2.0,0.0,1,2.0,0.0,1.0,0.0,0.0,0.0,1.0,0.0,0.0,3.0,1.0,1.0,0.0,0.0,0.0,0.0,0.0,0.0,0.0,0.0,0.0,0.0,0.0
5.0,0.0,2.0,1.0,1.0,3.0,3.0,1.0,1.0,0.0,0.0,1,2.0,0.0,0.0,1.0,0.0,0.0,0.0,0.0,0.0,0.0,0.0,0.0,0.0,0.0,0.0,0.0,0.0,0.0,0.0,0.0,0.0,0.0,0.0
4.0,0.0,2.0,2.0,1.0,2.0,3.0,1.0,1.0,1.0,0.0,1,2.0,0.0,0.0,1.0,0.0,0.0,0.0,0.0,0.0,0.0,0.0,0.0,0.0,0.0,0.0,0.0,0.0,0.0,0.0,0.0,0.0,0.0,0.0
2.0,0.0,1.0,1.0,0.0,0.0,0.0,0.0,0.0,0.0,0.0,1,1.0,0.0,0.0,0.0,0.0,0.0,0.0,0.0,0.0,0.0,0.0,0.0,0.0,0.0,0.0,0.0,0.0,0.0,0.0,0.0,0.0,0.0,0.0
3.0,0.0,1.0,1.0,0.0,1.0,2.0,0.0,0.0,0.0,0.0,1,1.0,0.0,0.0,1.0,0.0,0.0,0.0,0.0,0.0,0.0,0.0,0.0,0.0,0.0,0.0,0.0,0.0,0.0,0.0,0.0,0.0,0.0,0.0
3.0,0.0,1.0,1.0,0.0,3.0,2.0,0.0,0.0,0.0,0.0,1,1.0,0.0,0.0,1.0,1.0,0.0,0.0,0.0,0.0,0.0,0.0,0.0,0.0,0.0,0.0,0.0,0.0,0.0,0.0,0.0,0.0,0.0,0.0
3.0,0.0,2.0,1.0,1.0,2.0,1.0,1.0,1.0,0.0,0.0,1,2.0,0.0,0.0,1.0,0.0,0.0,0.0,0.0,0.0,0.0,0.0,0.0,0.0,0.0,0.0,0.0,0.0,0.0,0.0,0.0,0.0,0.0,0.0
3.0,0.0,1.0,1.0,0.0,1.0,0.0,0.0,0.0,1.0,0.0,1,1.0,0.0,0.0,1.0,0.0,0.0,0.0,0.0,0.0,0.0,0.0,0.0,0.0,0.0,0.0,0.0,0.0,0.0,0.0,0.0,0.0,0.0,0.0
4.0,0.0,2.0,1.0,1.0,0.0,3.0,1.0,1.0,1.0,0.0,1,2.0,0.0,0.0,1.0,0.0,0.0,0.0,0.0,0.0,0.0,0.0,0.0,0.0,0.0,0.0,0.0,0.0,0.0,0.0,0.0,0.0,0.0,0.0
2.0,0.0,1.0,1.0,0.0,3.0,1.0,0.0,0.0,0.0,0.0,1,1.0,0.0,0.0,1.0,0.0,0.0,0.0,0.0,0.0,0.0,0.0,0.0,0.0,0.0,0.0,0.0,0.0,0.0,0.0,0.0,0.0,0.0,0.0
4.0,1.0,2.0,2.0,1.0,2.0,1.0,1.0,1.0,2.0,0.0,1,2.0,0.0,0.0,1.0,0.0,0.0,0.0,0.0,0.0,0.0,0.0,0.0,0.0,0.0,0.0,0.0,0.0,0.0,0.0,0.0,0.0,0.0,0.0
2.0,1.0,1.0,2.0,0.0,2.0,2.0,0.0,0.0,2.0,0.0,1,1.0,1.0,0.0,0.0,0.0,0.0,0.0,0.0,0.0,0.0,0.0,0.0,0.0,0.0,0.0,0.0,0.0,0.0,0.0,0.0,0.0,0.0,2.0
3.0,0.0,2.0,0.0,1.0,2.0,3.0,1.0,1.0,1.0,1.0,1,2.0,1.0,0.0,1.0,0.0,0.0,0.0,0.0,0.0,0.0,0.0,0.0,0.0,0.0,0.0,0.0,0.0,1.0,1.0,1.0,0.0,0.0,0.0
2.0,0.0,1.0,0.0,0.0,0.0,0.0,0.0,0.0,0.0,0.0,1,1.0,1.0,0.0,0.0,0.0,0.0,0.0,0.0,0.0,0.0,0.0,0.0,0.0,0.0,0.0,0.0,0.0,0.0,0.0,0.0,0.0,0.0,0.0
4.0,1.0,2.0,1.0,0.0,3.0,0.0,1.0,0.0,2.0,0.0,1,1.0,0.0,0.0,1.0,1.0,0.0,0.0,0.0,0.0,0.0,0.0,0.0,0.0,0.0,0.0,0.0,0.0,0.0,0.0,0.0,1.0,0.0,1.0
3.0,0.0,2.0,1.0,1.0,1.0,1.0,1.0,0.0,1.0,0.0,1,1.0,1.0,0.0,1.0,0.0,0.0,0.0,0.0,0.0,0.0,0.0,0.0,0.0,0.0,0.0,0.0,0.0,1.0,1.0,1.0,1.0,0.0,1.0
3.0,1.0,1.0,0.0,0.0,2.0,0.0,0.0,0.0,2.0,0.0,1,2.0,1.0,0.0,0.0,0.0,0.0,0.0,0.0,0.0,0.0,0.0,0.0,0.0,0.0,0.0,0.0,0.0,0.0,0.0,0.0,0.0,0.0,1.0
3.0,0.0,1.0,1.0,1.0,2.0,3.0,0.0,0.0,1.0,1.0,1,1.0,1.0,0.0,1.0,0.0,0.0,0.0,0.0,0.0,0.0,0.0,0.0,0.0,0.0,0.0,0.0,0.0,1.0,1.0,1.0,1.0,0.0,0.0
3.0,1.0,2.0,1.0,0.0,0.0,2.0,1.0,0.0,2.0,0.0,1,1.0,1.0,0.0,1.0,0.0,0.0,0.0,0.0,0.0,0.0,0.0,0.0,0.0,0.0,0.0,0.0,0.0,0.0,0.0,0.0,1.0,0.0,1.0
4.0,0.0,1.0,1.0,1.0,1.0,3.0,0.0,0.0,1.0,0.0,1,1.0,1.0,0.0,1.0,0.0,0.0,0.0,0.0,0.0,0.0,0.0,0.0,0.0,0.0,0.0,0.0,0.0,1.0,1.0,1.0,1.0,0.0,0.0
5.0,1.0,1.0,1.0,0.0,2.0,0.0,0.0,1.0,2.0,0.0,1,1.0,1.0,0.0,1.0,0.0,0.0,0.0,0.0,0.0,0.0,0.0,0.0,0.0,0.0,0.0,0.0,0.0,0.0,0.0,0.0,0.0,0.0,1.0
6.0,0.0,2.0,0.0,1.0,2.0,2.0,0.0,0.0,0.0,0.0,0,0.0,2.0,2.0,0.0,0.0,0.0,1.0,1.0,0.0,3.0,0.0,0.0,0.0,0.0,0.0,1.0,1.0,1.0,0.0,1.0,0.0,0.0,0.0
6.0,0.0,2.0,0.0,0.0,2.0,2.0,0.0,1.0,1.0,0.0,1,2.0,0.0,0.0,0.0,0.0,0.0,1.0,0.0,0.0,3.0,0.0,0.0,0.0,0.0,0.0,1.0,1.0,1.0,0.0,1.0,0.0,0.0,0.0
4.0,0.0,2.0,1.0,1.0,1.0,1.0,0.0,1.0,2.0,0.0,0,0.0,2.0,2.0,0.0,0.0,0.0,0.0,0.0,0.0,3.0,0.0,0.0,0.0,0.0,0.0,0.0,0.0,1.0,0.0,1.0,0.0,0.0,0.0
4.0,0.0,2.0,1.0,1.0,0.0,0.0,0.0,0.0,1.0,0.0,1,2.0,0.0,0.0,0.0,0.0,0.0,0.0,1.0,0.0,3.0,0.0,0.0,0.0,0.0,0.0,0.0,0.0,1.0,0.0,1.0,0.0,0.0,0.0
4.0,0.0,2.0,0.0,0.0,0.0,0.0,0.0,0.0,2.0,0.0,1,2.0,0.0,0.0,0.0,0.0,0.0,0.0,0.0,0.0,3.0,0.0,0.0,0.0,0.0,0.0,0.0,0.0,1.0,0.0,1.0,0.0,0.0,0.0
6.0,0.0,2.0,2.0,0.0,2.0,2.0,0.0,0.0,1.0,0.0,1,2.0,0.0,0.0,0.0,0.0,0.0,1.0,0.0,0.0,3.0,0.0,0.0,0.0,0.0,0.0,1.0,1.0,1.0,0.0,1.0,0.0,0.0,0.0
3.0,0.0,2.0,0.0,1.0,0.0,0.0,0.0,0.0,1.0,0.0,0,0.0,2.0,2.0,0.0,0.0,0.0,0.0,1.0,0.0,3.0,0.0,0.0,0.0,0.0,0.0,0.0,0.0,1.0,0.0,1.0,0.0,0.0,0.0
3.0,0.0,2.0,1.0,1.0,3.0,3.0,0.0,1.0,1.0,0.0,0,0.0,2.0,2.0,0.0,0.0,0.0,0.0,0.0,0.0,3.0,0.0,0.0,0.0,0.0,0.0,0.0,0.0,1.0,0.0,1.0,0.0,0.0,0.0
5.0,0.0,2.0,1.0,0.0,1.0,1.0,0.0,0.0,0.0,0.0,1,2.0,0.0,0.0,0.0,0.0,0.0,1.0,0.0,0.0,3.0,0.0,0.0,0.0,0.0,0.0,1.0,1.0,1.0,0.0,1.0,0.0,0.0,0.0
4.0,0.0,2.0,1.0,0.0,0.0,0.0,0.0,1.0,1.0,0.0,0,0.0,2.0,2.0,0.0,0.0,0.0,1.0,0.0,0.0,3.0,0.0,0.0,0.0,0.0,0.0,0.0,0.0,1.0,0.0,1.0,0.0,0.0,0.0
5.0,1.0,2.0,1.0,0.0,3.0,3.0,1.0,1.0,0.0,0.0,0,0.0,2.0,2.0,0.0,0.0,0.0,1.0,0.0,3.0,2.0,0.0,0.0,0.0,0.0,0.0,1.0,2.0,0.0,0.0,0.0,0.0,0.0,0.0
5.0,1.0,2.0,2.0,1.0,2.0,2.0,0.0,1.0,2.0,0.0,1,0.0,2.0,2.0,0.0,0.0,0.0,1.0,0.0,3.0,1.0,1.0,1.0,0.0,0.0,0.0,1.0,2.0,1.0,1.0,1.0,0.0,1.0,0.0
6.0,0.0,2.0,1.0,0.0,1.0,1.0,1.0,1.0,1.0,0.0,0,0.0,2.0,2.0,0.0,0.0,0.0,1.0,0.0,3.0,2.0,1.0,0.0,0.0,0.0,0.0,1.0,2.0,1.0,1.0,0.0,1.0,1.0,0.0
2.0,1.0,2.0,2.0,1.0,0.0,0.0,1.0,0.0,0.0,1.0,1,0.0,2.0,2.0,0.0,0.0,0.0,1.0,0.0,2.0,1.0,0.0,1.0,0.0,0.0,0.0,0.0,0.0,0.0,0.0,0.0,0.0,0.0,0.0
3.0,0.0,2.0,1.0,0.0,3.0,3.0,1.0,0.0,0.0,1.0,1,0.0,2.0,2.0,0.0,0.0,0.0,1.0,0.0,3.0,2.0,1.0,1.0,0.0,0.0,0.0,1.0,2.0,1.0,1.0,1.0,0.0,0.0,0.0
4.0,1.0,2.0,2.0,1.0,2.0,2.0,1.0,0.0,1.0,1.0,1,0.0,2.0,2.0,0.0,0.0,0.0,1.0,0.0,3.0,1.0,1.0,1.0,0.0,0.0,0.0,1.0,2.0,0.0,0.0,0.0,0.0,0.0,0.0
6.0,0.0,2.0,1.0,0.0,2.0,2.0,1.0,0.0,1.0,0.0,0,0.0,2.0,2.0,0.0,0.0,0.0,1.0,0.0,3.0,2.0,1.0,0.0,0.0,0.0,0.0,1.0,2.0,1.0,1.0,0.0,1.0,1.0,0.0
1.0,0.0,2.0,1.0,0.0,1.0,1.0,1.0,1.0,1.0,1.0,1,0.0,2.0,2.0,0.0,0.0,0.0,1.0,0.0,2.0,2.0,0.0,1.0,0.0,0.0,0.0,0.0,0.0,1.0,0.0,1.0,0.0,0.0,0.0
6.0,1.0,2.0,1.0,0.0,2.0,2.0,1.0,1.0,1.0,0.0,0,0.0,2.0,2.0,0.0,0.0,0.0,1.0,0.0,3.0,2.0,1.0,0.0,0.0,0.0,0.0,1.0,2.0,1.0,1.0,0.0,1.0,1.0,0.0
5.0,0.0,2.0,1.0,0.0,1.0,1.0,1.0,2.0,2.0,1.0,1,0.0,2.0,2.0,0.0,0.0,0.0,1.0,0.0,3.0,2.0,1.0,1.0,0.0,0.0,0.0,1.0,2.0,1.0,1.0,1.0,0.0,0.0,0.0
5.0,1.0,2.0,2.0,1.0,3.0,3.0,0.0,1.0,2.0,1.0,1,0.0,2.0,2.0,0.0,0.0,0.0,1.0,1.0,3.0,2.0,1.0,1.0,0.0,0.0,0.0,1.0,2.0,0.0,0.0,0.0,0.0,0.0,0.0
0.0,0.0,2.0,1.0,0.0,3.0,3.0,1.0,1.0,2.0,1.0,1,0.0,2.0,2.0,0.0,0.0,0.0,1.0,0.0,2.0,2.0,0.0,1.0,0.0,0.0,0.0,0.0,0.0,1.0,1.0,0.0,1.0,0.0,0.0
6.0,0.0,2.0,1.0,0.0,2.0,2.0,0.0,0.0,0.0,1.0,1,0.0,2.0,2.0,0.0,0.0,0.0,1.0,0.0,3.0,1.0,1.0,1.0,0.0,0.0,0.0,1.0,2.0,1.0,0.0,1.0,1.0,1.0,0.0
5.0,1.0,2.0,1.0,0.0,1.0,1.0,1.0,0.0,1.0,0.0,0,0.0,2.0,2.0,0.0,0.0,0.0,1.0,0.0,3.0,2.0,0.0,0.0,0.0,0.0,0.0,1.0,2.0,1.0,1.0,0.0,1.0,1.0,0.0
5.0,0.0,2.0,1.0,0.0,2.0,2.0,1.0,0.0,2.0,0.0,0,0.0,2.0,2.0,0.0,0.0,0.0,1.0,0.0,3.0,2.0,1.0,0.0,0.0,0.0,0.0,1.0,2.0,0.0,0.0,0.0,0.0,0.0,0.0
6.0,1.0,2.0,2.0,1.0,0.0,0.0,1.0,0.0,1.0,0.0,1,0.0,2.0,2.0,0.0,0.0,0.0,1.0,0.0,3.0,1.0,1.0,1.0,0.0,0.0,0.0,1.0,2.0,0.0,0.0,0.0,0.0,0.0,0.0
5.0,0.0,2.0,1.0,0.0,1.0,1.0,1.0,0.0,0.0,0.0,0,0.0,2.0,2.0,0.0,0.0,0.0,1.0,0.0,3.0,2.0,1.0,0.0,0.0,0.0,0.0,1.0,2.0,1.0,1.0,0.0,1.0,1.0,0.0
6.0,1.0,2.0,2.0,1.0,3.0,3.0,0.0,2.0,1.0,0.0,1,0.0,2.0,2.0,0.0,0.0,0.0,1.0,1.0,3.0,2.0,1.0,1.0,0.0,0.0,0.0,1.0,2.0,0.0,0.0,0.0,0.0,0.0,0.0
5.0,1.0,2.0,1.0,0.0,3.0,3.0,1.0,0.0,1.0,0.0,0,0.0,2.0,2.0,0.0,0.0,0.0,1.0,0.0,3.0,2.0,0.0,0.0,0.0,0.0,0.0,1.0,2.0,1.0,1.0,0.0,1.0,1.0,0.0
5.0,1.0,2.0,1.0,0.0,2.0,2.0,1.0,1.0,1.0,0.0,0,0.0,2.0,2.0,0.0,0.0,0.0,1.0,0.0,3.0,2.0,0.0,0.0,0.0,0.0,0.0,1.0,2.0,1.0,1.0,0.0,1.0,1.0,0.0
3.0,1.0,1.0,1.0,0.0,0.0,2.0,0.0,0.0,2.0,0.0,1,2.0,0.0,1.0,0.0,0.0,0.0,0.0,0.0,0.0,0.0,0.0,0.0,0.0,0.0,0.0,0.0,0.0,0.0,0.0,0.0,0.0,0.0,0.0
3.0,0.0,0.0,1.0,1.0,0.0,2.0,0.0,0.0,1.0,0.0,1,2.0,0.0,1.0,0.0,1.0,0.0,0.0,0.0,0.0,0.0,0.0,0.0,0.0,0.0,0.0,0.0,0.0,0.0,0.0,0.0,0.0,0.0,0.0
3.0,1.0,1.0,1.0,0.0,0.0,0.0,0.0,0.0,0.0,0.0,1,2.0,0.0,1.0,0.0,0.0,0.0,0.0,0.0,0.0,0.0,0.0,0.0,0.0,0.0,0.0,0.0,0.0,0.0,0.0,0.0,0.0,0.0,0.0
3.0,0.0,0.0,1.0,1.0,2.0,0.0,0.0,0.0,0.0,0.0,1,2.0,0.0,1.0,0.0,0.0,0.0,0.0,0.0,0.0,0.0,0.0,0.0,0.0,0.0,0.0,0.0,0.0,0.0,0.0,0.0,0.0,0.0,0.0
3.0,1.0,1.0,2.0,0.0,3.0,2.0,0.0,1.0,1.0,0.0,1,2.0,0.0,1.0,1.0,1.0,0.0,0.0,0.0,0.0,0.0,0.0,0.0,0.0,0.0,0.0,0.0,0.0,0.0,0.0,0.0,0.0,0.0,0.0
2.0,0.0,0.0,1.0,1.0,0.0,3.0,0.0,2.0,2.0,0.0,1,2.0,0.0,1.0,0.0,0.0,0.0,0.0,0.0,0.0,0.0,0.0,0.0,0.0,0.0,0.0,0.0,0.0,0.0,0.0,0.0,0.0,0.0,0.0
1.0,0.0,0.0,2.0,1.0,3.0,2.0,1.0,1.0,1.0,0.0,1,2.0,0.0,1.0,1.0,1.0,0.0,0.0,0.0,0.0,0.0,0.0,0.0,0.0,0.0,0.0,0.0,0.0,0.0,0.0,0.0,0.0,0.0,0.0
2.0,1.0,1.0,1.0,0.0,2.0,2.0,1.0,1.0,1.0,0.0,1,2.0,0.0,1.0,0.0,1.0,0.0,0.0,0.0,0.0,0.0,0.0,0.0,0.0,0.0,0.0,0.0,0.0,0.0,0.0,0.0,0.0,0.0,0.0
2.0,0.0,0.0,2.0,1.0,3.0,0.0,1.0,1.0,0.0,1.0,1,2.0,0.0,1.0,1.0,0.0,0.0,0.0,0.0,0.0,0.0,0.0,0.0,0.0,0.0,0.0,0.0,0.0,0.0,0.0,0.0,0.0,0.0,0.0
2.0,1.0,1.0,2.0,0.0,3.0,3.0,0.0,2.0,2.0,0.0,1,2.0,0.0,1.0,1.0,0.0,0.0,0.0,0.0,0.0,0.0,0.0,0.0,0.0,0.0,0.0,0.0,0.0,0.0,0.0,0.0,0.0,0.0,0.0
4.0,1.0,2.0,1.0,0.0,1.0,1.0,1.0,1.0,2.0,0.0,1,2.0,0.0,1.0,0.0,0.0,0.0,0.0,0.0,0.0,0.0,0.0,0.0,0.0,0.0,0.0,0.0,0.0,0.0,0.0,0.0,0.0,0.0,0.0
4.0,0.0,1.0,1.0,0.0,3.0,3.0,1.0,0.0,1.0,0.0,1,2.0,0.0,1.0,0.0,0.0,0.0,0.0,0.0,0.0,0.0,0.0,0.0,0.0,0.0,0.0,0.0,0.0,0.0,0.0,0.0,0.0,0.0,0.0
3.0,0.0,2.0,1.0,0.0,0.0,0.0,1.0,0.0,1.0,0.0,1,2.0,0.0,1.0,0.0,0.0,0.0,0.0,0.0,0.0,0.0,0.0,0.0,0.0,0.0,0.0,0.0,0.0,0.0,0.0,0.0,0.0,0.0,0.0
6.0,0.0,2.0,2.0,0.0,3.0,3.0,0.0,1.0,1.0,0.0,1,2.0,0.0,1.0,0.0,0.0,0.0,0.0,0.0,0.0,0.0,0.0,0.0,0.0,0.0,0.0,0.0,0.0,0.0,0.0,0.0,0.0,0.0,0.0
6.0,0.0,1.0,1.0,1.0,2.0,2.0,0.0,2.0,2.0,0.0,1,2.0,0.0,1.0,0.0,0.0,0.0,0.0,0.0,0.0,0.0,0.0,0.0,0.0,0.0,0.0,0.0,0.0,1.0,0.0,1.0,0.0,0.0,0.0
5.0,0.0,2.0,2.0,0.0,3.0,3.0,1.0,0.0,1.0,0.0,1,2.0,0.0,1.0,0.0,0.0,0.0,0.0,0.0,0.0,0.0,0.0,0.0,0.0,0.0,0.0,0.0,0.0,0.0,0.0,0.0,0.0,0.0,0.0
6.0,0.0,1.0,1.0,0.0,3.0,3.0,0.0,1.0,1.0,0.0,1,2.0,0.0,1.0,0.0,0.0,0.0,0.0,0.0,0.0,0.0,0.0,0.0,0.0,0.0,0.0,0.0,0.0,0.0,0.0,0.0,0.0,0.0,0.0
5.0,1.0,2.0,2.0,0.0,3.0,1.0,0.0,0.0,2.0,0.0,1,2.0,0.0,1.0,0.0,0.0,0.0,0.0,0.0,0.0,0.0,0.0,0.0,0.0,0.0,0.0,0.0,0.0,0.0,0.0,0.0,0.0,0.0,0.0
6.0,0.0,2.0,2.0,0.0,3.0,3.0,0.0,1.0,1.0,0.0,1,2.0,0.0,1.0,0.0,0.0,0.0,0.0,0.0,0.0,0.0,0.0,0.0,0.0,0.0,0.0,0.0,0.0,0.0,0.0,0.0,0.0,0.0,0.0
6.0,0.0,2.0,2.0,0.0,3.0,2.0,1.0,1.0,0.0,0.0,1,2.0,0.0,1.0,0.0,0.0,0.0,0.0,0.0,0.0,0.0,0.0,0.0,0.0,0.0,0.0,0.0,0.0,0.0,0.0,0.0,0.0,0.0,0.0
5.0,0.0,2.0,2.0,0.0,2.0,3.0,0.0,0.0,1.0,0.0,1,2.0,0.0,1.0,0.0,0.0,0.0,0.0,0.0,0.0,0.0,0.0,0.0,0.0,0.0,0.0,0.0,0.0,0.0,0.0,0.0,0.0,0.0,0.0
4.0,1.0,2.0,1.0,0.0,3.0,0.0,1.0,1.0,2.0,0.0,1,2.0,0.0,1.0,0.0,0.0,0.0,0.0,0.0,0.0,0.0,0.0,0.0,0.0,0.0,0.0,0.0,0.0,0.0,0.0,0.0,0.0,0.0,0.0
6.0,0.0,2.0,1.0,0.0,1.0,1.0,0.0,1.0,0.0,0.0,1,2.0,0.0,1.0,1.0,0.0,0.0,0.0,0.0,0.0,0.0,0.0,0.0,0.0,0.0,0.0,0.0,0.0,0.0,0.0,0.0,0.0,0.0,0.0
5.0,0.0,2.0,2.0,0.0,2.0,2.0,1.0,0.0,0.0,0.0,1,2.0,0.0,1.0,0.0,0.0,0.0,0.0,0.0,0.0,0.0,0.0,0.0,0.0,0.0,0.0,0.0,0.0,0.0,0.0,0.0,0.0,0.0,0.0
5.0,1.0,2.0,1.0,0.0,0.0,0.0,0.0,0.0,2.0,0.0,1,2.0,0.0,1.0,0.0,0.0,0.0,0.0,0.0,0.0,0.0,0.0,0.0,0.0,0.0,0.0,0.0,0.0,0.0,0.0,0.0,0.0,0.0,0.0
4.0,0.0,2.0,1.0,0.0,2.0,2.0,0.0,0.0,1.0,0.0,1,2.0,0.0,1.0,0.0,0.0,0.0,0.0,0.0,0.0,0.0,0.0,0.0,0.0,0.0,0.0,0.0,0.0,0.0,0.0,0.0,0.0,0.0,0.0
4.0,0.0,2.0,1.0,0.0,1.0,1.0,1.0,1.0,1.0,0.0,1,2.0,0.0,1.0,1.0,0.0,0.0,0.0,0.0,0.0,0.0,0.0,0.0,0.0,0.0,0.0,0.0,0.0,0.0,0.0,0.0,0.0,0.0,0.0
5.0,0.0,2.0,1.0,0.0,2.0,1.0,0.0,0.0,0.0,0.0,1,2.0,0.0,1.0,0.0,0.0,0.0,0.0,0.0,0.0,0.0,0.0,0.0,0.0,0.0,0.0,0.0,0.0,0.0,0.0,0.0,0.0,0.0,0.0
6.0,0.0,2.0,2.0,0.0,3.0,2.0,0.0,1.0,0.0,0.0,1,2.0,0.0,1.0,0.0,0.0,0.0,0.0,0.0,0.0,0.0,0.0,0.0,0.0,0.0,0.0,0.0,0.0,0.0,0.0,0.0,0.0,0.0,0.0
6.0,1.0,2.0,2.0,0.0,1.0,1.0,0.0,1.0,2.0,0.0,1,2.0,0.0,1.0,0.0,0.0,0.0,0.0,0.0,0.0,0.0,0.0,0.0,0.0,0.0,0.0,0.0,0.0,0.0,0.0,0.0,0.0,0.0,0.0
5.0,1.0,2.0,2.0,0.0,3.0,1.0,1.0,0.0,2.0,0.0,1,2.0,0.0,1.0,0.0,0.0,0.0,0.0,0.0,0.0,0.0,0.0,0.0,0.0,0.0,0.0,0.0,0.0,0.0,0.0,0.0,0.0,0.0,0.0
5.0,1.0,2.0,2.0,0.0,3.0,3.0,1.0,1.0,1.0,0.0,1,2.0,0.0,1.0,0.0,0.0,0.0,0.0,0.0,0.0,0.0,0.0,0.0,0.0,0.0,0.0,0.0,0.0,0.0,0.0,0.0,0.0,0.0,0.0
4.0,1.0,2.0,1.0,0.0,2.0,1.0,0.0,0.0,2.0,0.0,1,2.0,0.0,1.0,1.0,0.0,0.0,0.0,0.0,0.0,0.0,0.0,0.0,0.0,0.0,0.0,0.0,0.0,0.0,0.0,0.0,0.0,0.0,0.0
6.0,1.0,1.0,2.0,0.0,2.0,2.0,0.0,2.0,0.0,0.0,1,2.0,0.0,1.0,0.0,0.0,0.0,0.0,0.0,0.0,0.0,0.0,0.0,0.0,0.0,0.0,0.0,0.0,1.0,0.0,1.0,0.0,0.0,0.0
4.0,1.0,2.0,1.0,0.0,1.0,2.0,1.0,1.0,2.0,0.0,1,2.0,0.0,1.0,0.0,0.0,0.0,0.0,0.0,0.0,0.0,0.0,0.0,0.0,0.0,0.0,0.0,0.0,0.0,0.0,0.0,0.0,0.0,0.0
6.0,1.0,2.0,2.0,0.0,2.0,1.0,0.0,1.0,2.0,0.0,1,2.0,0.0,1.0,0.0,0.0,0.0,0.0,0.0,0.0,0.0,0.0,0.0,0.0,0.0,0.0,0.0,0.0,0.0,0.0,0.0,0.0,0.0,0.0
4.0,1.0,2.0,1.0,0.0,0.0,3.0,0.0,0.0,2.0,0.0,1,2.0,0.0,1.0,0.0,0.0,0.0,0.0,0.0,0.0,0.0,0.0,0.0,0.0,0.0,0.0,0.0,0.0,0.0,0.0,0.0,0.0,0.0,0.0
4.0,0.0,2.0,2.0,0.0,3.0,3.0,1.0,0.0,0.0,0.0,1,2.0,0.0,1.0,0.0,0.0,0.0,0.0,0.0,0.0,0.0,0.0,0.0,0.0,0.0,0.0,0.0,0.0,0.0,0.0,0.0,0.0,0.0,0.0
5.0,0.0,2.0,2.0,0.0,2.0,3.0,1.0,0.0,1.0,0.0,1,2.0,0.0,1.0,0.0,0.0,0.0,0.0,0.0,0.0,0.0,0.0,0.0,0.0,0.0,0.0,0.0,0.0,0.0,0.0,0.0,0.0,0.0,0.0
3.0,0.0,2.0,1.0,0.0,0.0,0.0,1.0,0.0,0.0,0.0,1,2.0,0.0,1.0,0.0,0.0,0.0,0.0,0.0,0.0,0.0,0.0,0.0,0.0,0.0,0.0,0.0,0.0,0.0,0.0,0.0,0.0,0.0,0.0
5.0,0.0,2.0,1.0,0.0,1.0,2.0,0.0,1.0,0.0,0.0,1,2.0,0.0,1.0,1.0,0.0,0.0,0.0,0.0,0.0,0.0,0.0,0.0,0.0,0.0,0.0,0.0,0.0,0.0,0.0,0.0,0.0,0.0,0.0
5.0,0.0,2.0,2.0,0.0,1.0,1.0,0.0,1.0,1.0,0.0,1,2.0,0.0,1.0,0.0,0.0,0.0,0.0,0.0,0.0,0.0,0.0,0.0,0.0,0.0,0.0,0.0,0.0,0.0,0.0,0.0,0.0,0.0,0.0
4.0,0.0,2.0,2.0,0.0,1.0,1.0,1.0,0.0,2.0,0.0,1,2.0,0.0,1.0,0.0,0.0,0.0,0.0,0.0,0.0,0.0,0.0,0.0,0.0,0.0,0.0,0.0,0.0,0.0,0.0,0.0,0.0,0.0,0.0
5.0,1.0,2.0,1.0,0.0,3.0,3.0,0.0,1.0,2.0,0.0,1,2.0,0.0,1.0,1.0,0.0,0.0,0.0,0.0,0.0,0.0,0.0,0.0,0.0,0.0,0.0,0.0,0.0,0.0,0.0,0.0,0.0,0.0,0.0
6.0,0.0,2.0,1.0,0.0,2.0,1.0,0.0,0.0,1.0,0.0,1,2.0,0.0,1.0,1.0,0.0,0.0,0.0,0.0,0.0,0.0,0.0,0.0,0.0,0.0,0.0,0.0,0.0,0.0,0.0,0.0,0.0,0.0,0.0
5.0,0.0,2.0,1.0,0.0,0.0,3.0,0.0,0.0,0.0,0.0,1,2.0,0.0,1.0,0.0,0.0,0.0,0.0,0.0,0.0,0.0,0.0,0.0,0.0,0.0,0.0,0.0,0.0,0.0,0.0,0.0,0.0,0.0,0.0
6.0,0.0,2.0,1.0,0.0,0.0,3.0,0.0,0.0,1.0,0.0,1,2.0,0.0,1.0,0.0,0.0,0.0,0.0,0.0,0.0,0.0,0.0,0.0,0.0,0.0,0.0,0.0,0.0,0.0,0.0,0.0,0.0,0.0,0.0
5.0,1.0,2.0,2.0,0.0,2.0,1.0,1.0,0.0,2.0,0.0,1,2.0,0.0,1.0,0.0,0.0,0.0,0.0,0.0,0.0,0.0,0.0,0.0,0.0,0.0,0.0,0.0,0.0,0.0,0.0,0.0,0.0,0.0,0.0
5.0,0.0,2.0,1.0,0.0,3.0,0.0,0.0,1.0,0.0,0.0,1,2.0,0.0,1.0,1.0,0.0,0.0,0.0,0.0,0.0,0.0,0.0,0.0,0.0,0.0,0.0,0.0,0.0,0.0,0.0,0.0,0.0,0.0,0.0
6.0,0.0,2.0,1.0,0.0,1.0,2.0,0.0,1.0,1.0,0.0,1,2.0,0.0,1.0,1.0,0.0,0.0,0.0,0.0,0.0,0.0,0.0,0.0,0.0,0.0,0.0,0.0,0.0,0.0,0.0,0.0,0.0,0.0,0.0
6.0,0.0,1.0,2.0,0.0,3.0,3.0,0.0,0.0,0.0,0.0,1,2.0,0.0,1.0,0.0,0.0,0.0,1.0,0.0,3.0,2.0,1.0,1.0,0.0,0.0,0.0,1.0,2.0,1.0,0.0,0.0,0.0,0.0,0.0
4.0,0.0,1.0,2.0,0.0,1.0,1.0,0.0,1.0,1.0,0.0,1,2.0,0.0,1.0,0.0,0.0,0.0,0.0,0.0,0.0,0.0,0.0,0.0,0.0,0.0,0.0,0.0,0.0,0.0,0.0,0.0,0.0,0.0,0.0
5.0,0.0,1.0,1.0,0.0,2.0,1.0,0.0,0.0,0.0,0.0,1,2.0,0.0,1.0,0.0,0.0,0.0,1.0,0.0,3.0,1.0,0.0,1.0,0.0,0.0,0.0,0.0,0.0,0.0,0.0,0.0,0.0,0.0,0.0
5.0,1.0,2.0,1.0,0.0,3.0,2.0,0.0,0.0,2.0,0.0,1,2.0,0.0,1.0,0.0,0.0,0.0,0.0,0.0,0.0,0.0,0.0,0.0,0.0,0.0,0.0,0.0,0.0,0.0,0.0,0.0,0.0,0.0,0.0
6.0,1.0,2.0,2.0,0.0,3.0,3.0,0.0,1.0,2.0,0.0,1,2.0,0.0,1.0,0.0,0.0,0.0,1.0,0.0,3.0,2.0,0.0,1.0,0.0,0.0,0.0,1.0,1.0,0.0,0.0,0.0,0.0,0.0,0.0
4.0,0.0,1.0,1.0,0.0,3.0,3.0,1.0,1.0,0.0,0.0,1,2.0,0.0,1.0,0.0,0.0,0.0,0.0,0.0,0.0,0.0,0.0,0.0,0.0,0.0,0.0,0.0,0.0,0.0,0.0,0.0,0.0,0.0,0.0
3.0,0.0,2.0,1.0,0.0,2.0,3.0,0.0,1.0,1.0,0.0,1,2.0,0.0,1.0,0.0,0.0,0.0,1.0,0.0,3.0,2.0,0.0,1.0,0.0,0.0,0.0,1.0,1.0,0.0,0.0,0.0,0.0,0.0,0.0
5.0,0.0,2.0,2.0,0.0,2.0,2.0,0.0,0.0,1.0,0.0,1,2.0,0.0,1.0,0.0,0.0,0.0,1.0,0.0,3.0,2.0,0.0,1.0,0.0,0.0,0.0,1.0,1.0,0.0,0.0,0.0,0.0,0.0,0.0
5.0,0.0,2.0,1.0,0.0,1.0,1.0,1.0,1.0,0.0,0.0,1,2.0,0.0,1.0,0.0,0.0,0.0,0.0,0.0,0.0,0.0,0.0,0.0,0.0,0.0,0.0,0.0,0.0,0.0,0.0,0.0,0.0,0.0,0.0
5.0,0.0,2.0,2.0,0.0,2.0,3.0,0.0,1.0,1.0,0.0,1,2.0,0.0,1.0,0.0,0.0,0.0,1.0,0.0,3.0,2.0,0.0,1.0,0.0,0.0,0.0,1.0,1.0,0.0,0.0,0.0,0.0,0.0,0.0
5.0,0.0,2.0,1.0,0.0,0.0,1.0,0.0,1.0,1.0,0.0,1,2.0,0.0,1.0,0.0,0.0,0.0,1.0,0.0,3.0,2.0,0.0,1.0,0.0,0.0,0.0,1.0,1.0,0.0,0.0,0.0,0.0,0.0,0.0
4.0,0.0,2.0,1.0,0.0,2.0,3.0,0.0,1.0,0.0,0.0,1,2.0,0.0,1.0,0.0,0.0,0.0,0.0,0.0,0.0,0.0,0.0,0.0,0.0,0.0,0.0,0.0,0.0,0.0,0.0,0.0,0.0,0.0,0.0
4.0,0.0,2.0,2.0,0.0,1.0,1.0,1.0,1.0,0.0,0.0,1,2.0,0.0,1.0,0.0,0.0,0.0,1.0,0.0,3.0,2.0,0.0,1.0,0.0,0.0,0.0,1.0,1.0,0.0,0.0,0.0,0.0,0.0,0.0
4.0,0.0,2.0,1.0,0.0,2.0,1.0,1.0,1.0,1.0,0.0,1,2.0,0.0,1.0,0.0,0.0,0.0,1.0,0.0,3.0,1.0,0.0,1.0,0.0,0.0,0.0,1.0,1.0,0.0,0.0,0.0,0.0,0.0,0.0
3.0,1.0,2.0,1.0,0.0,3.0,2.0,1.0,0.0,2.0,0.0,1,2.0,0.0,1.0,0.0,0.0,0.0,1.0,0.0,3.0,2.0,0.0,1.0,0.0,0.0,0.0,1.0,1.0,0.0,0.0,0.0,0.0,0.0,0.0
5.0,0.0,2.0,1.0,0.0,3.0,0.0,1.0,0.0,1.0,0.0,1,2.0,0.0,1.0,0.0,0.0,0.0,1.0,0.0,3.0,1.0,0.0,1.0,0.0,0.0,0.0,1.0,1.0,0.0,0.0,0.0,0.0,0.0,0.0
5.0,0.0,2.0,2.0,0.0,1.0,1.0,0.0,1.0,0.0,0.0,1,2.0,0.0,1.0,0.0,0.0,0.0,1.0,0.0,3.0,2.0,0.0,1.0,0.0,0.0,0.0,1.0,1.0,0.0,0.0,0.0,0.0,0.0,0.0
4.0,0.0,2.0,2.0,0.0,1.0,2.0,1.0,0.0,0.0,0.0,1,2.0,0.0,1.0,0.0,0.0,0.0,1.0,0.0,3.0,2.0,0.0,1.0,0.0,0.0,0.0,1.0,1.0,0.0,0.0,0.0,0.0,0.0,0.0
5.0,0.0,2.0,2.0,0.0,2.0,1.0,0.0,1.0,1.0,0.0,1,2.0,0.0,1.0,0.0,0.0,0.0,1.0,0.0,3.0,2.0,0.0,1.0,0.0,0.0,0.0,1.0,1.0,0.0,0.0,0.0,0.0,0.0,0.0
5.0,0.0,2.0,1.0,0.0,3.0,0.0,1.0,0.0,0.0,0.0,1,2.0,0.0,1.0,0.0,0.0,0.0,1.0,0.0,3.0,1.0,0.0,1.0,0.0,0.0,0.0,1.0,1.0,0.0,0.0,0.0,0.0,0.0,0.0
3.0,0.0,2.0,1.0,0.0,1.0,2.0,1.0,0.0,1.0,0.0,1,2.0,0.0,1.0,0.0,0.0,0.0,0.0,0.0,0.0,0.0,0.0,0.0,0.0,0.0,0.0,0.0,0.0,0.0,0.0,0.0,0.0,0.0,0.0
6.0,0.0,1.0,2.0,0.0,3.0,3.0,0.0,1.0,0.0,0.0,1,2.0,0.0,1.0,0.0,0.0,0.0,1.0,0.0,3.0,2.0,1.0,0.0,0.0,0.0,0.0,1.0,2.0,1.0,0.0,1.0,1.0,1.0,0.0
5.0,0.0,1.0,1.0,0.0,1.0,3.0,1.0,2.0,0.0,0.0,1,2.0,0.0,1.0,0.0,0.0,0.0,1.0,0.0,3.0,0.0,1.0,0.0,0.0,0.0,0.0,1.0,1.0,0.0,0.0,0.0,0.0,0.0,0.0
5.0,0.0,2.0,1.0,0.0,3.0,2.0,1.0,0.0,0.0,0.0,1,2.0,0.0,1.0,0.0,0.0,0.0,1.0,0.0,3.0,1.0,0.0,1.0,0.0,0.0,0.0,1.0,1.0,0.0,0.0,0.0,0.0,0.0,0.0
5.0,1.0,2.0,1.0,0.0,3.0,3.0,0.0,1.0,2.0,0.0,1,2.0,0.0,1.0,0.0,0.0,0.0,0.0,0.0,0.0,0.0,0.0,0.0,0.0,0.0,0.0,0.0,0.0,0.0,0.0,0.0,0.0,0.0,0.0
3.0,1.0,2.0,1.0,0.0,3.0,0.0,1.0,0.0,2.0,0.0,1,2.0,0.0,1.0,0.0,0.0,0.0,0.0,0.0,0.0,0.0,0.0,0.0,0.0,0.0,0.0,0.0,0.0,0.0,0.0,0.0,0.0,0.0,0.0
6.0,1.0,2.0,2.0,0.0,3.0,1.0,0.0,1.0,2.0,0.0,1,2.0,0.0,1.0,0.0,0.0,0.0,1.0,0.0,3.0,2.0,0.0,1.0,0.0,0.0,0.0,1.0,1.0,0.0,0.0,0.0,0.0,0.0,0.0
4.0,0.0,2.0,1.0,0.0,1.0,2.0,1.0,0.0,1.0,0.0,1,2.0,0.0,1.0,0.0,0.0,0.0,0.0,0.0,0.0,0.0,0.0,0.0,0.0,0.0,0.0,0.0,0.0,0.0,0.0,0.0,0.0,0.0,0.0
4.0,0.0,2.0,2.0,0.0,1.0,0.0,1.0,0.0,0.0,0.0,1,2.0,0.0,1.0,0.0,0.0,0.0,1.0,0.0,3.0,2.0,0.0,1.0,0.0,0.0,0.0,1.0,1.0,0.0,0.0,0.0,0.0,0.0,0.0
6.0,1.0,2.0,2.0,0.0,3.0,0.0,0.0,0.0,2.0,0.0,1,2.0,0.0,1.0,0.0,0.0,0.0,1.0,0.0,3.0,2.0,0.0,1.0,0.0,0.0,0.0,1.0,1.0,0.0,0.0,0.0,0.0,0.0,0.0
5.0,1.0,2.0,2.0,0.0,3.0,3.0,0.0,1.0,2.0,0.0,1,2.0,0.0,1.0,0.0,0.0,0.0,1.0,0.0,3.0,2.0,0.0,1.0,0.0,0.0,0.0,1.0,1.0,0.0,0.0,0.0,0.0,0.0,0.0
4.0,0.0,2.0,1.0,0.0,0.0,1.0,1.0,1.0,0.0,0.0,1,2.0,0.0,1.0,0.0,0.0,0.0,0.0,0.0,0.0,0.0,0.0,0.0,0.0,0.0,0.0,0.0,0.0,0.0,0.0,0.0,0.0,0.0,0.0
4.0,0.0,2.0,1.0,0.0,2.0,3.0,1.0,1.0,1.0,0.0,1,2.0,0.0,1.0,0.0,0.0,0.0,1.0,0.0,3.0,1.0,0.0,1.0,0.0,0.0,0.0,1.0,1.0,0.0,0.0,0.0,0.0,0.0,0.0
4.0,1.0,1.0,2.0,0.0,1.0,1.0,0.0,2.0,2.0,1.0,1,2.0,0.0,1.0,0.0,0.0,0.0,0.0,0.0,0.0,0.0,0.0,0.0,0.0,0.0,0.0,0.0,0.0,0.0,0.0,0.0,0.0,0.0,0.0
4.0,0.0,2.0,1.0,0.0,2.0,0.0,0.0,0.0,1.0,0.0,1,2.0,0.0,1.0,0.0,0.0,0.0,0.0,0.0,0.0,0.0,0.0,0.0,0.0,0.0,0.0,0.0,0.0,0.0,0.0,0.0,0.0,0.0,0.0
5.0,1.0,2.0,1.0,0.0,1.0,2.0,1.0,0.0,2.0,0.0,1,2.0,0.0,1.0,0.0,0.0,0.0,0.0,0.0,0.0,0.0,0.0,0.0,0.0,0.0,0.0,0.0,0.0,0.0,0.0,0.0,0.0,0.0,0.0
4.0,0.0,2.0,2.0,0.0,1.0,3.0,1.0,1.0,0.0,0.0,1,2.0,0.0,1.0,0.0,0.0,0.0,1.0,0.0,3.0,2.0,0.0,1.0,0.0,0.0,0.0,1.0,1.0,0.0,0.0,0.0,0.0,0.0,0.0
5.0,0.0,2.0,1.0,0.0,1.0,2.0,0.0,0.0,0.0,0.0,1,2.0,0.0,1.0,0.0,0.0,0.0,1.0,0.0,3.0,2.0,0.0,1.0,0.0,0.0,0.0,1.0,1.0,0.0,0.0,0.0,0.0,0.0,0.0
5.0,0.0,2.0,2.0,0.0,2.0,0.0,0.0,0.0,1.0,0.0,1,2.0,0.0,1.0,0.0,0.0,0.0,1.0,0.0,3.0,2.0,0.0,1.0,0.0,0.0,0.0,1.0,1.0,0.0,0.0,0.0,0.0,0.0,0.0
5.0,1.0,2.0,1.0,0.0,2.0,3.0,0.0,1.0,2.0,0.0,1,2.0,0.0,1.0,0.0,0.0,0.0,1.0,0.0,3.0,2.0,0.0,1.0,0.0,0.0,0.0,1.0,1.0,0.0,0.0,0.0,0.0,0.0,0.0
5.0,0.0,2.0,2.0,0.206767,3.0,3.0,0.778195,0.548872,0.0,0.0,0,1.14539,0.826241,1.301418,0.170819,0.049645,0.108303,1.0,0.067669,0.0,0.0,1.0,0.0,0.0,0.0,0.0,1.0,2.0,0.0,1.0,1.0,1.0,1.0,0.156667
6.0,0.0,2.0,2.0,0.206767,2.0,3.0,0.778195,0.548872,1.0,0.0,0,1.14539,0.826241,1.301418,0.170819,0.049645,0.108303,1.0,0.067669,0.0,0.0,1.0,0.0,0.0,0.0,0.0,1.0,2.0,1.0,1.0,1.0,1.0,1.0,0.156667
5.0,0.0,2.0,2.0,0.206767,3.0,3.0,0.778195,0.548872,0.0,0.0,0,1.14539,0.826241,1.301418,0.170819,0.049645,0.108303,1.0,0.067669,0.0,0.0,1.0,0.0,0.0,0.0,0.0,1.0,2.0,1.0,1.0,1.0,1.0,1.0,0.156667
1.0,1.0,1.0,2.0,0.206767,3.0,0.0,0.778195,0.548872,2.0,0.0,0,1.14539,0.826241,1.301418,0.170819,0.049645,0.108303,1.0,0.067669,0.0,0.0,1.0,0.0,0.0,0.0,0.0,1.0,2.0,0.0,1.0,1.0,1.0,1.0,0.156667
5.0,0.464883,2.0,2.0,0.206767,2.0,3.0,0.778195,0.548872,1.01476,0.0,0,1.14539,0.826241,1.301418,0.170819,0.049645,0.108303,1.0,0.067669,0.0,0.0,1.0,0.0,0.0,0.0,0.0,1.0,2.0,1.0,1.0,1.0,1.0,1.0,0.156667
5.0,0.0,2.0,2.0,0.206767,2.0,3.0,0.778195,0.548872,0.0,0.0,0,1.14539,0.826241,1.301418,0.170819,0.049645,0.108303,1.0,0.067669,0.0,0.0,1.0,0.0,0.0,0.0,0.0,1.0,2.0,1.0,1.0,1.0,1.0,1.0,0.156667
2.0,0.464883,1.577703,1.13,0.206767,2.0,1.0,0.778195,0.548872,1.01476,1.0,1,1.14539,0.826241,1.301418,0.170819,0.049645,0.108303,0.0,0.067669,0.959459,0.959459,0.169118,0.216216,0.006757,0.135135,0.033784,2.0,1.084559,1.0,0.0,0.102941,1.0,0.058824,2.0
3.0,0.464883,1.577703,1.13,0.206767,3.0,2.0,0.778195,0.548872,1.01476,1.0,1,1.14539,0.826241,1.301418,0.170819,0.049645,0.108303,0.0,0.067669,0.959459,0.959459,0.169118,0.216216,0.006757,0.135135,0.033784,2.0,1.084559,1.0,0.0,0.102941,1.0,0.058824,2.0
4.0,0.464883,1.577703,1.13,0.206767,3.0,2.0,0.778195,0.548872,1.01476,1.0,1,1.14539,0.826241,1.301418,0.170819,0.049645,0.108303,0.0,0.067669,0.959459,0.959459,0.169118,0.216216,0.006757,0.135135,0.033784,2.0,1.084559,1.0,0.0,0.102941,1.0,0.058824,2.0
3.0,0.464883,1.577703,1.13,0.206767,2.0,1.0,0.778195,0.548872,1.01476,1.0,1,1.14539,0.826241,1.301418,0.170819,0.049645,0.108303,0.0,0.067669,0.959459,0.959459,0.169118,0.216216,0.006757,0.135135,0.033784,2.0,1.084559,1.0,0.0,0.102941,1.0,0.058824,2.0
3.0,0.464883,1.577703,1.13,0.206767,2.0,1.0,0.778195,0.548872,1.01476,1.0,1,1.14539,0.826241,1.301418,0.170819,0.049645,0.108303,0.0,0.067669,0.959459,0.959459,0.169118,0.216216,0.006757,0.135135,0.033784,2.0,1.084559,1.0,0.0,0.102941,1.0,0.058824,2.0
4.0,0.464883,1.577703,1.13,0.206767,2.0,1.0,0.778195,0.548872,1.01476,1.0,1,1.14539,0.826241,1.301418,0.170819,0.049645,0.108303,0.0,0.067669,0.959459,0.959459,0.169118,0.216216,0.006757,0.135135,0.033784,2.0,1.084559,1.0,0.0,0.102941,1.0,0.058824,2.0
3.529412,0.464883,1.577703,1.13,0.206767,1.816993,1.633987,0.778195,0.548872,1.01476,0.339869,1,0.0,2.0,2.0,0.170819,1.0,0.108303,0.542484,0.067669,0.959459,0.959459,0.169118,0.216216,0.006757,0.135135,0.033784,0.549645,1.084559,0.183453,0.111511,0.102941,0.097122,0.058824,0.156667
1.0,1.0,1.577703,0.0,0.206767,1.0,0.0,0.778195,0.548872,1.01476,1.0,1,2.0,1.0,1.0,0.0,1.0,0.108303,1.0,0.067669,0.959459,0.959459,0.169118,0.216216,0.006757,0.135135,0.033784,3.0,1.084559,0.183453,0.111511,0.102941,0.097122,0.058824,1.0
0.0,1.0,1.577703,0.0,0.206767,0.0,3.0,0.778195,0.548872,1.01476,1.0,1,0.0,2.0,2.0,0.0,1.0,0.108303,1.0,0.067669,0.959459,0.959459,0.169118,0.216216,0.006757,0.135135,0.033784,3.0,1.084559,0.183453,0.111511,0.102941,0.097122,0.058824,1.0
1.0,1.0,1.577703,0.0,0.206767,0.0,0.0,0.778195,0.548872,1.01476,1.0,1,0.0,2.0,2.0,0.0,1.0,0.108303,1.0,0.067669,0.959459,0.959459,0.169118,0.216216,0.006757,0.135135,0.033784,3.0,1.084559,0.183453,0.111511,0.102941,0.097122,0.058824,1.0
1.0,1.0,1.577703,0.0,0.206767,1.0,3.0,0.778195,0.548872,1.01476,1.0,1,2.0,1.0,1.0,0.0,1.0,0.108303,1.0,0.067669,0.959459,0.959459,0.169118,0.216216,0.006757,0.135135,0.033784,3.0,1.084559,0.183453,0.111511,0.102941,0.097122,0.058824,1.0
